date,horizon,target,true_value,pred_value
2024-06-17,1,Green_Algae,3.7711971806601667,1.531832534681988
2024-06-18,1,Green_Algae,4.560119597968496,2.1846258213043344
2024-06-19,1,Green_Algae,1.4667140008930915,2.0083904592331656
2024-06-20,1,Green_Algae,0.31768114316541407,1.2605690597588506
2024-06-21,1,Green_Algae,0.0012941596316076165,0.89544171877102
2024-06-22,1,Green_Algae,0.0006534660744561549,0.6334360962530714
2024-06-23,1,Green_Algae,0.0006613758714579809,0.723838296158446
2024-06-24,1,Green_Algae,0.0006689090114595508,0.87184265108744
2024-06-25,1,Green_Algae,0.000676818808461821,1.0734675198921124
2024-06-26,1,Green_Algae,0.000684728605463647,1.3294616966886394
2024-06-27,1,Green_Algae,0.0006922617454652169,1.4960486130455273
2024-06-28,1,Green_Algae,0.0007001715424670429,1.6264636510558628
2024-06-29,1,Green_Algae,0.000708081339468869,1.6393319491354053
2024-06-30,1,Green_Algae,0.000715614479470883,1.677496907997929
2024-07-01,1,Green_Algae,0.000723524276472709,1.6355343049320075
2024-07-02,1,Green_Algae,0.000731434073474535,1.5325285968181528
2024-07-03,1,Green_Algae,0.0007389672134761049,1.624502586384899
2024-07-04,1,Green_Algae,0.0007468770104783751,1.5609906830298823
2024-07-05,1,Green_Algae,0.0007547868074802011,1.5496380527186981
2024-07-06,1,Green_Algae,0.0007626966044820271,1.50443375118151
2024-07-07,1,Green_Algae,0.000770229744483597,1.619914150809814
2024-07-08,1,Green_Algae,0.0007781395414854231,1.4912281567583876
2024-07-09,1,Green_Algae,0.0007860493384872491,1.5171453599490157
2024-07-10,1,Green_Algae,0.0007935824784892631,1.4758040526047407
2024-07-11,1,Green_Algae,0.0008014922754910891,1.512098532804822
2024-07-12,1,Green_Algae,0.0008094020724929152,1.5075023757612356
2024-07-13,1,Green_Algae,0.0008169352124949292,1.5211394307779598
2024-07-14,1,Green_Algae,0.0008248450094967552,1.5484116575264082
2024-07-15,1,Green_Algae,0.0008327548064985812,1.6099811407319655
2024-07-16,1,Green_Algae,0.0008402879465001512,1.7924243751501026
2024-07-17,1,Green_Algae,0.0008481977435019772,1.806640916961464
2024-07-18,1,Green_Algae,0.0008561075405038032,1.9670425603913892
2024-07-19,1,Green_Algae,0.0008636406805058172,1.9866560320285267
2024-07-20,1,Green_Algae,0.0008715504775076433,1.8655082628483823
2024-07-21,1,Green_Algae,0.0008794602745094693,1.9010036652227749
2024-07-22,1,Green_Algae,0.0008873700715112953,1.909280702799732
2024-07-23,1,Green_Algae,0.0008949032115133093,1.9346014696307188
2024-07-24,1,Green_Algae,0.0009028130085151354,1.841128761860618
2024-07-25,1,Green_Algae,0.0009107228055169614,1.852479697215302
2024-07-26,1,Green_Algae,0.0009182559455185313,1.8171460690224477
2024-07-27,1,Green_Algae,0.0009261657425208014,1.7057465596616082
2024-07-28,1,Green_Algae,0.0009340755395226275,1.614786719067602
2024-07-29,1,Green_Algae,0.0009416086795241974,1.583121353398615
2024-07-30,1,Green_Algae,0.0009495184765260234,1.580639183768028
2024-07-31,1,Green_Algae,0.0009574282735278494,1.5439266142978476
2024-08-01,1,Green_Algae,0.0009649614135298634,1.4339945606093552
2024-08-02,1,Green_Algae,0.0009728712105316895,1.3190591836601802
2024-08-03,1,Green_Algae,0.0009807810075335155,1.2461670143749455
2024-08-04,1,Green_Algae,0.0009883141475350854,1.246766087333587
2024-08-05,1,Green_Algae,0.0009962239445373555,1.2701250361796101
2024-08-06,1,Green_Algae,0.0010041337415391816,1.2271804883144561
2024-08-07,1,Green_Algae,0.0010116668815407515,1.3466455423467023
2024-08-08,1,Green_Algae,0.0010195766785425775,1.3797981381805413
2024-08-09,1,Green_Algae,0.0010274864755444035,1.2667805103473193
2024-08-10,1,Green_Algae,0.0010353962725462296,1.1771404758816248
2024-08-11,1,Green_Algae,0.0010429294125482436,1.2275104398465344
2024-08-12,1,Green_Algae,0.0010508392095500696,1.3416143464680128
2024-08-13,1,Green_Algae,0.0010587490065518956,1.4302537916129707
2024-08-14,1,Green_Algae,0.0010662821465539096,1.5730885292157426
2024-08-15,1,Green_Algae,0.0010741919435557357,1.3894153213638152
2024-08-16,1,Green_Algae,0.0010821017405575617,1.0895449356124138
2024-08-17,1,Green_Algae,0.0010896348805591316,0.8033630185582488
2024-08-18,1,Green_Algae,0.0010975446775609576,0.7356815222122464
2024-08-19,1,Green_Algae,0.14581556728077816,0.6681280892462738
2024-08-20,1,Green_Algae,0.29053358988399536,0.7327710935725582
2024-08-21,1,Green_Algae,0.4352512358302123,0.8634838789414636
2024-08-22,1,Green_Algae,0.8924184813598051,0.9695924874220521
2024-08-23,1,Green_Algae,0.6690395991864895,0.9717552519165635
2024-08-24,1,Green_Algae,0.489821302003115,0.8934898821965582
2024-08-25,1,Green_Algae,0.45310289434943307,0.9981609792363066
2024-08-26,1,Green_Algae,0.2405937682131878,1.167714257797396
2024-08-27,1,Green_Algae,0.054611087965213745,1.3984963333074623
2024-08-28,1,Green_Algae,0.3990194690206459,1.4938527027350084
2024-08-29,1,Green_Algae,3.010181315800029,1.78996160335502
2024-08-30,1,Green_Algae,5.621343162579413,2.416582501669178
2024-08-31,1,Green_Algae,7.1721255330850795,3.3344128405104403
2024-09-01,1,Green_Algae,5.159971483286325,4.221534004559566
2024-09-02,1,Green_Algae,3.7971903243758045,4.324737222187842
2024-09-03,1,Green_Algae,2.9748262181581695,4.254589469969507
2024-09-04,1,Green_Algae,1.7866873240532462,3.6559951011286
2024-09-05,1,Green_Algae,1.7006112181223942,3.4589321135805067
2024-09-06,1,Green_Algae,2.177391558632124,2.894055702730572
2024-09-07,1,Green_Algae,1.3342073865612618,2.6964213265133434
2024-09-08,1,Green_Algae,4.709280666544764,2.3662701662252825
2024-09-09,1,Green_Algae,4.120532205850435,2.751353736720332
2024-09-10,1,Green_Algae,3.5107197438705637,3.011578148284859
2024-09-11,1,Green_Algae,0.45597904720211346,3.2750841839626625
2024-09-12,1,Green_Algae,0.22569133400466423,3.0100274514154925
2024-09-13,1,Green_Algae,0.012009674627141198,2.8392232949571077
2024-09-14,1,Green_Algae,0.010423571999766068,2.920073473340224
2024-09-15,1,Green_Algae,0.022003891467504033,2.321463991137189
2024-09-16,1,Green_Algae,0.00999983287466577,1.8400603742798656
2024-09-17,1,Green_Algae,1.4372108347331158,1.606552432060155
2024-09-18,1,Green_Algae,0.00999983287466577,1.6975621797066731
2024-09-19,1,Green_Algae,0.00999983287466577,1.6464630077895914
2024-09-20,1,Green_Algae,0.00999983287466577,1.901604998123417
2024-09-21,1,Green_Algae,0.00999983287466577,1.9816756848448491
2024-09-22,1,Green_Algae,0.00999983287466577,1.8161863469862207
2024-09-23,1,Green_Algae,0.6485859941106531,1.503000382967671
2024-09-24,1,Green_Algae,0.8878773162382312,1.0541150715560366
2024-09-25,1,Green_Algae,1.1271684500373094,1.0087909930928203
2024-09-26,1,Green_Algae,1.3664597721648875,1.272184031670597
2024-09-27,1,Green_Algae,1.6057510942924655,1.7983919403310136
2024-09-28,1,Green_Algae,1.8450424164200434,2.222010911848174
2024-09-29,1,Green_Algae,2.0843337385476213,2.4579590264429614
2024-09-30,1,Green_Algae,0.22924433948650424,2.7833520671773977
2024-10-01,1,Green_Algae,0.2488741957031455,2.520226643398184
2024-10-02,1,Green_Algae,0.9670101270294413,2.189445900934474
2024-10-03,1,Green_Algae,0.9372619454909077,2.00595650169859
2024-10-04,1,Green_Algae,1.6051814005798306,1.8690665415282237
2024-10-05,1,Green_Algae,0.5526386498499676,1.7716653012471943
2024-10-06,1,Green_Algae,0.01229518063320878,1.5922854182107815
2024-10-07,1,Green_Algae,0.00999983287466577,1.6418321983019966
2024-10-08,1,Green_Algae,0.00999983287466577,1.9280689189496742
2024-10-09,1,Green_Algae,0.00999983287466577,1.7125971971792282
2024-10-10,1,Green_Algae,0.14053671942453017,1.2143779168814293
2024-10-11,1,Green_Algae,0.2383394760676545,0.9207690770995081
2024-10-12,1,Green_Algae,0.00999983287466577,0.849493331330156
2024-10-13,1,Green_Algae,0.00999983287466577,1.1812558302645977
2024-10-14,1,Green_Algae,0.00999983287466577,1.686205971153988
2024-10-15,1,Green_Algae,0.00999983287466577,2.0411820293324188
2024-10-16,1,Green_Algae,0.00999983287466577,2.1495776991175477
2024-10-17,1,Green_Algae,0.00999983287466577,1.9573404410545951
2024-10-18,1,Green_Algae,0.00999983287466577,1.5324048649936235
2024-10-19,1,Green_Algae,0.00999983287466577,1.4766279897924357
2024-10-20,1,Green_Algae,0.00999983287466577,1.5581275248437052
2024-10-21,1,Green_Algae,0.00999983287466577,1.3613560698136808
2024-10-22,1,Green_Algae,0.00999983287466577,0.8952193028124671
2024-10-23,1,Green_Algae,0.038449112748392356,0.7647933417491295
2024-10-24,1,Green_Algae,0.7455815748025869,0.8488125238024948
2024-10-25,1,Green_Algae,1.1932389843939308,0.7641014228399658
2024-10-26,1,Green_Algae,1.112123827811252,0.7353790666411748
2024-10-27,1,Green_Algae,1.076880032312919,0.671080703469972
2024-10-28,1,Green_Algae,1.2733079761588626,0.9344276015652375
2024-10-29,1,Green_Algae,0.7592768233258251,1.0135427094774436
2024-10-30,1,Green_Algae,0.3944675691745694,1.2534594705536697
2024-10-31,1,Green_Algae,0.09649308643311638,1.7180257661930116
2024-11-01,1,Green_Algae,0.15414684346574825,1.6497920906848784
2024-11-02,1,Green_Algae,0.15631977769926175,1.289001013410573
2024-11-03,1,Green_Algae,0.09466554666868454,0.9143909557885004
2024-11-04,1,Green_Algae,0.27880034767422135,0.7641953987614878
2024-11-05,1,Green_Algae,0.2847447484496266,1.121682252502512
2024-11-06,1,Green_Algae,0.6582329331969343,0.9498669603273884
2024-11-07,1,Green_Algae,0.55019640586139,0.871694624886405
2024-11-08,1,Green_Algae,0.6229657849645958,0.5813391599427535
2024-11-09,1,Green_Algae,1.0034616731985602,0.576198168548538
2024-11-10,1,Green_Algae,0.8530058461844865,0.9626233912779041
2024-11-11,1,Green_Algae,0.3325673811229337,1.5264226101897092
2024-11-12,1,Green_Algae,0.059136621821283875,1.4392555172580992
2024-11-13,1,Green_Algae,0.16494559965830113,1.0811543359499298
2024-11-14,1,Green_Algae,0.39011793413754114,1.1749466371846058
2024-11-15,1,Green_Algae,0.5411042825362404,0.8560089324461964
2024-11-16,1,Green_Algae,0.2821318788400089,0.7571639658838256
2024-11-17,1,Green_Algae,0.010056331424679321,0.3637086285762967
2024-11-18,1,Green_Algae,0.0759810995222665,0.4882513956267438
2024-11-19,1,Green_Algae,0.01657814738122143,0.4257828321619739
2024-11-20,1,Green_Algae,0.22980518175963693,0.3002227145542862
2024-11-21,1,Green_Algae,0.32191213124741447,0.07903616444998907
2024-11-22,1,Green_Algae,0.5607759476798915,-0.06766872382869815
2024-11-23,1,Green_Algae,0.11748983090308096,-0.04807013014306394
2024-11-24,1,Green_Algae,0.00999983287466577,-0.03268331503242594
2024-11-25,1,Green_Algae,0.00999983287466577,0.3673203925501509
2024-11-26,1,Green_Algae,0.00999983287466577,0.6141150987765029
2024-11-27,1,Green_Algae,0.00999983287466577,0.5756215066814017
2024-11-28,1,Green_Algae,0.015217285639899547,0.5528714238760224
2024-11-29,1,Green_Algae,0.020434738405133324,0.4566769926232781
2024-11-30,1,Green_Algae,0.025652191170366656,0.4533819971864994
2024-12-01,1,Green_Algae,0.030869643935600433,0.5127841960135444
2024-12-02,1,Green_Algae,0.1470483656420698,0.6289787373140174
2024-12-03,1,Green_Algae,0.26322708734853917,0.6254133021511743
2024-12-04,1,Green_Algae,0.37940618571200835,0.6201947194149406
2024-12-05,1,Green_Algae,0.4955849074184777,0.5711283653273393
2024-12-06,1,Green_Algae,0.3256063831042879,0.4110898192454995
2024-12-07,1,Green_Algae,0.8112982399076252,0.20927850522578328
2024-12-08,1,Green_Algae,0.25589244558580493,0.34967062218297773
2024-12-09,1,Green_Algae,0.06931954381869154,0.3714493065851272
2024-12-10,1,Green_Algae,0.5481511583509064,0.4108781380114497
2024-12-11,1,Green_Algae,0.26615107564023033,0.6294631182161319
2024-12-12,1,Green_Algae,0.04139381717508872,0.7440717452177301
2024-12-13,1,Green_Algae,0.04505680650095467,0.7647234718756128
2024-12-14,1,Green_Algae,0.016056100779097804,1.0942363868770228
2024-12-15,1,Green_Algae,0.011882364561111025,1.1247636834202406
2024-12-16,1,Green_Algae,0.018916057380774287,0.9472277247277643
2024-12-17,1,Green_Algae,0.012773911680322048,0.77443915086441
2024-12-18,1,Green_Algae,0.010593820963806344,0.7653628471332641
2024-12-19,1,Green_Algae,0.01085748086386884,0.721415261676873
2024-12-20,1,Green_Algae,0.010816048593858874,0.8149580276489905
2024-12-21,1,Green_Algae,0.043219096997520356,0.751249885996927
2024-12-22,1,Green_Algae,0.015586409499986686,0.870704205304671
2024-12-23,1,Green_Algae,0.27329475230391953,0.8880161143427641
2024-12-24,1,Green_Algae,1.718931814606726,0.6994452355186787
2024-12-25,1,Green_Algae,1.0898569959369873,1.5555199284320889
2024-12-26,1,Green_Algae,1.0384352172993294,1.571191496234794
2024-12-27,1,Green_Algae,0.9870134386616711,1.3909061297701673
2024-12-28,1,Green_Algae,0.9355916600240128,1.1768406569095538
2024-12-29,1,Green_Algae,0.8841698813863546,1.110375762673839
2024-12-30,1,Green_Algae,0.8327481027486967,0.9783731154081283
2024-12-31,1,Green_Algae,0.7813265124395383,0.9734748794504702
2025-01-01,1,Green_Algae,0.7299047338018805,0.989258314382202
2025-01-02,1,Green_Algae,0.6784829551642222,1.0688001746755087
2025-01-03,1,Green_Algae,0.6270611765265639,1.0674590874266916
2025-01-04,1,Green_Algae,0.5756392095604057,1.1411776421701219
2025-01-05,1,Green_Algae,0.5242176192512478,1.1580827616481186
2025-01-06,1,Green_Algae,0.4727960289420894,1.125343735200378
2025-01-07,1,Green_Algae,0.4213740619759312,1.2231553432830045
2025-01-08,1,Green_Algae,0.36995247166677325,1.2472962320612124
2025-01-09,1,Green_Algae,0.31853050470061506,1.2013324016833447
2025-01-10,1,Green_Algae,0.2671089143914567,1.1285229086096296
2025-01-11,1,Green_Algae,0.21568694742529848,1.132039001705461
2025-01-12,1,Green_Algae,0.16426535711614054,1.1367025803520634
2025-01-13,1,Green_Algae,0.11284339014998235,1.2628440680393886
2025-01-14,1,Green_Algae,0.061421799840823965,1.2552806071491003
2025-01-15,1,Green_Algae,0.00999983287466577,1.276447035597605
2025-01-16,1,Green_Algae,0.03838545771537749,1.2848240756080855
2025-01-17,1,Green_Algae,0.010041641801675993,1.1909878938328986
2025-01-18,1,Green_Algae,0.00999983287466577,0.9456589483223934
2025-01-19,1,Green_Algae,0.00999983287466577,0.8733391093487941
2025-01-20,1,Green_Algae,0.013734763687549112,1.0855774191019756
2025-01-21,1,Green_Algae,0.029899375503370962,0.9732080179659071
2025-01-22,1,Green_Algae,0.011337718538982244,1.058980915011687
2025-01-23,1,Green_Algae,0.021497664459384502,1.1021109664493847
2025-01-24,1,Green_Algae,0.01940533482388984,1.242993679149195
2025-01-25,1,Green_Algae,0.07538334486312515,1.340346330677213
2025-01-26,1,Green_Algae,0.03280227100305755,1.227699521660579
2025-01-27,1,Green_Algae,0.28956746467876693,0.8084742540494574
2025-01-28,1,Green_Algae,0.36278205235607786,0.3667832796680237
2025-01-29,1,Green_Algae,0.5925974376754155,0.15949424289601222
2025-01-30,1,Green_Algae,0.6226652126785246,-0.14041060697089724
2025-01-31,1,Green_Algae,0.7192637968923643,-0.05595130121292735
2025-02-01,1,Green_Algae,0.5600162305107119,0.052765468664777604
2025-02-02,1,Green_Algae,0.2807137652346734,0.16107281238338578
2025-02-03,1,Green_Algae,0.2871463134821943,0.2703820637222307
2025-02-04,1,Green_Algae,0.5451684115672011,0.31527279830684485
2025-02-05,1,Green_Algae,0.6948447469195909,0.23807920608059296
2025-02-06,1,Green_Algae,0.8080621912913597,0.08240347803078496
2025-02-07,1,Green_Algae,0.963734906085167,0.1324227743286115
2025-02-08,1,Green_Algae,0.7635258909438298,0.2105824917600918
2025-02-09,1,Green_Algae,0.7323889750459678,0.1577555941836013
2025-02-10,1,Green_Algae,0.763459787640314,-0.08567970825895665
2025-02-11,1,Green_Algae,0.8849019142660279,0.16420584531012627
2025-02-12,1,Green_Algae,1.0077173323140665,0.34585132020207476
2025-02-13,1,Green_Algae,0.8807230931785397,0.7560648807575654
2025-02-14,1,Green_Algae,1.059558895178324,0.6302525912883183
2025-02-15,1,Green_Algae,1.4707163581760376,0.8473358400336455
2025-02-16,1,Green_Algae,1.656197142971393,0.7129178797548641
2025-02-17,1,Green_Algae,1.5316447711674437,0.6482063238545637
2025-02-18,1,Green_Algae,1.4764641439973967,0.24045553509415507
2025-02-19,1,Green_Algae,1.3538841365744139,0.13016961215407896
2025-02-20,1,Green_Algae,1.2015949316124068,-0.07568323147659273
2025-02-21,1,Green_Algae,0.9416213736099386,0.28440312055054573
2025-02-22,1,Green_Algae,0.709297452670008,0.12277658855633078
2025-02-23,1,Green_Algae,0.6776435750395238,-0.03415303064677344
2025-02-24,1,Green_Algae,0.4737598942053176,0.1773353550192307
2025-02-25,1,Green_Algae,0.5350642108828123,-0.01467007066016679
2025-02-26,1,Green_Algae,0.18312494976759952,-0.19369288286049535
2025-02-27,1,Green_Algae,0.00999983287466577,0.2618168835402055
2025-02-28,1,Green_Algae,0.00999983287466577,0.36051872044254285
2025-03-01,1,Green_Algae,0.00999983287466577,0.23181728345411257
2025-03-02,1,Green_Algae,0.00999983287466577,0.3001326935312649
2025-03-03,1,Green_Algae,0.00999983287466577,0.5041738169915084
2025-03-04,1,Green_Algae,0.00999983287466577,0.6668045165479608
2025-03-05,1,Green_Algae,0.00999983287466577,0.49638417357266684
2025-03-06,1,Green_Algae,0.00999983287466577,0.25406452916437283
2025-03-07,1,Green_Algae,0.00999983287466577,-0.10424362516534558
2025-03-08,1,Green_Algae,0.00999983287466577,-0.31715803423368705
2025-03-09,1,Green_Algae,0.00999983287466577,-0.35522261400568755
2025-03-10,1,Green_Algae,0.00999983287466577,-0.28048783867601657
2025-03-11,1,Green_Algae,0.00999983287466577,-0.11450376184777156
2025-03-12,1,Green_Algae,0.04463269071885456,0.25881229065049505
2025-03-13,1,Green_Algae,0.013601803766517762,0.5652133437979407
2025-03-14,1,Green_Algae,0.011534710150028715,0.5668133827343191
2025-03-15,1,Green_Algae,0.052227602468650325,0.5709716760153021
2025-03-16,1,Green_Algae,0.010875183742872885,0.6902303220114998
2025-03-17,1,Green_Algae,0.00999983287466577,0.26068766585393854
2025-03-18,1,Green_Algae,0.00999983287466577,0.17785777827835414
2025-03-19,1,Green_Algae,0.010069514419682513,-0.11093719671392854
2025-03-20,1,Green_Algae,0.010516606278788032,-0.2310775967473342
2025-03-21,1,Green_Algae,0.010383646357756682,-0.2819820369953705
2025-03-22,1,Green_Algae,0.01044428813477083,-0.3198119594563149
2025-03-23,1,Green_Algae,0.013585607515513853,-0.364659001828918
2025-03-24,1,Green_Algae,0.023472853767851465,-0.26174124312458424
2025-03-25,1,Green_Algae,0.1180796757652205,-0.12341734975487917
2025-03-26,1,Green_Algae,0.1833494373396527,0.072705313592492
2025-03-27,1,Green_Algae,0.5017413660849335,0.12887654867277298
2025-03-28,1,Green_Algae,0.24097720503927844,0.2419922956545184
2025-03-29,1,Green_Algae,0.00999983287466577,0.29941779854509587
2025-03-30,1,Green_Algae,0.00999983287466577,0.28135784870482583
2025-03-31,1,Green_Algae,0.00999983287466577,-0.03984883780212023
2025-04-01,1,Green_Algae,0.00999983287466577,-0.04103455403840073
2025-04-02,1,Green_Algae,0.00999983287466577,0.011950539478127187
2025-04-03,1,Green_Algae,0.00999983287466577,0.12609569004111565
2025-04-04,1,Green_Algae,0.00999983287466577,0.3429382549633857
2025-04-05,1,Green_Algae,0.00999983287466577,0.6648492900604985
2025-04-06,1,Green_Algae,0.00999983287466577,1.257632265129156
2025-04-07,1,Green_Algae,0.00999983287466577,1.4062856000693036
2025-04-08,1,Green_Algae,0.00999983287466577,1.4032171638180784
2025-04-09,1,Green_Algae,0.00999983287466577,1.3391398983059277
2025-04-10,1,Green_Algae,0.00999983287466577,1.2634794883985387
2025-04-11,1,Green_Algae,0.00999983287466577,1.1046692207939897
2025-04-12,1,Green_Algae,0.00999983287466577,0.880166394132408
2025-04-13,1,Green_Algae,0.00999983287466577,0.6144676497285864
2025-04-14,1,Green_Algae,0.00999983287466577,0.49092302372837526
2025-04-15,1,Green_Algae,0.00999983287466577,0.5294825307984925
2025-04-16,1,Green_Algae,0.00999983287466577,0.532508969794208
2025-04-17,1,Green_Algae,0.00999983287466577,0.4759671042258393
2025-04-18,1,Green_Algae,0.00999983287466577,0.33679196603593287
2025-04-19,1,Green_Algae,0.00999983287466577,0.46413668451004186
2025-04-20,1,Green_Algae,0.00999983287466577,0.5210567137065003
2025-04-21,1,Green_Algae,0.00999983287466577,0.4691413260702255
2025-04-22,1,Green_Algae,0.00999983287466577,0.5508947279395553
2025-04-23,1,Green_Algae,0.00999983287466577,0.866238371583115
2025-04-24,1,Green_Algae,0.00999983287466577,1.114775681420379
2025-04-25,1,Green_Algae,0.00999983287466577,1.2314740014584715
2025-04-26,1,Green_Algae,0.00999983287466577,1.3709384122244463
2025-04-27,1,Green_Algae,0.00999983287466577,1.4729972046400772
2025-04-28,1,Green_Algae,0.07468577609896032,1.5718679722069542
2025-04-29,1,Green_Algae,0.9495808893358206,1.8549313576288815
2025-04-30,1,Green_Algae,5.614495726646293,1.5103235366919026
2025-05-01,1,Green_Algae,5.224969110178193,2.613968095937848
2025-05-02,1,Green_Algae,4.835442493710094,2.906286320508964
2025-05-03,1,Green_Algae,4.445915924324119,2.8338299433728324
2025-05-04,1,Green_Algae,4.056389307856019,3.317522551901822
2025-05-05,1,Green_Algae,3.66686269138792,3.363177146882616
2025-05-06,1,Green_Algae,3.27733607491982,2.6795834403098624
2025-05-07,1,Green_Algae,2.8878095055338453,2.399824090092716
2025-05-08,1,Green_Algae,0.10000013976094557,1.2857800310743115
2025-05-09,1,Green_Algae,0.07100696717909027,0.07596603324226292
2025-05-10,1,Green_Algae,0.05758102841091617,-0.2084103784819753
2025-05-11,1,Green_Algae,0.06054381237361639,-0.2756248201478675
2025-05-12,1,Green_Algae,0.07275465565950379,-0.2592101080839857
2025-05-13,1,Green_Algae,0.05141214006345729,-0.27067253391069634
2025-05-14,1,Green_Algae,0.043194614292514366,-0.24223493040397237
2025-05-15,1,Green_Algae,0.026342603451530167,-0.2396081244853514
2025-05-16,1,Green_Algae,0.00999983287466577,-0.02710464820410685
2025-05-17,1,Green_Algae,0.00999983287466577,0.2858302739238834
2025-05-18,1,Green_Algae,0.038229145060340475,0.4042553779788838
2025-05-19,1,Green_Algae,0.023229156688794106,0.1621960035576513
2025-05-20,1,Green_Algae,0.00999983287466577,0.006752672876898291
2024-06-17,1,Cyanobacteria,2.2511040004186538,2.205712665802576
2024-06-18,1,Cyanobacteria,3.203859645863719,2.4238087087601974
2024-06-19,1,Cyanobacteria,4.156615198985742,2.6316595252333195
2024-06-20,1,Cyanobacteria,5.109370825966199,2.9290219996157605
2024-06-21,1,Cyanobacteria,2.629563053589609,3.3252525552318497
2024-06-22,1,Cyanobacteria,2.079829404852716,3.1732012315642906
2024-06-23,1,Cyanobacteria,1.5487760473517018,3.0216023646622547
2024-06-24,1,Cyanobacteria,1.4499789440729463,2.7618702452972155
2024-06-25,1,Cyanobacteria,1.3561054655672984,2.569509573501081
2024-06-26,1,Cyanobacteria,1.3209995918175381,2.4150128709484906
2024-06-27,1,Cyanobacteria,1.3604303200175045,2.336631789802061
2024-06-28,1,Cyanobacteria,1.3998609743590373,2.2795380571962287
2024-06-29,1,Cyanobacteria,1.4392917025590037,2.2644517335061005
2024-06-30,1,Cyanobacteria,1.4787224307589701,2.28874504644435
2024-07-01,1,Cyanobacteria,1.5181531589589365,2.301673669849139
2024-07-02,1,Cyanobacteria,1.557583887158903,2.311485430417909
2024-07-03,1,Cyanobacteria,1.5970146153588693,2.370445750292217
2024-07-04,1,Cyanobacteria,1.6364453435588358,2.3990163897785157
2024-07-05,1,Cyanobacteria,1.6758760348295851,2.438110434307957
2024-07-06,1,Cyanobacteria,1.7153067630295515,2.445526227283915
2024-07-07,1,Cyanobacteria,1.754737491229518,2.474279204778684
2024-07-08,1,Cyanobacteria,1.7941682009648758,2.487916278280583
2024-07-09,1,Cyanobacteria,1.8335989291648425,2.5046539657630627
2024-07-10,1,Cyanobacteria,1.8730296389002004,2.5073855091498927
2024-07-11,1,Cyanobacteria,1.9124603671001668,2.618890472974778
2024-07-12,1,Cyanobacteria,1.9518910768355247,2.7382882075411694
2024-07-13,1,Cyanobacteria,1.9913217958031868,2.785917591186268
2024-07-14,1,Cyanobacteria,2.030752519387001,2.7774226895631218
2024-07-15,1,Cyanobacteria,2.070183238643173,2.7362455048372727
2024-07-16,1,Cyanobacteria,2.1096139573223254,2.684100158044483
2024-07-17,1,Cyanobacteria,2.1490446762899875,2.7002899636649573
2024-07-18,1,Cyanobacteria,2.188475399873802,2.649456527302726
2024-07-19,1,Cyanobacteria,2.227906118841464,2.621758285171988
2024-07-20,1,Cyanobacteria,2.267336828576822,2.644561744248021
2024-07-21,1,Cyanobacteria,2.3067675567767885,2.63907469041259
2024-07-22,1,Cyanobacteria,2.3461982665121464,2.648956911927215
2024-07-23,1,Cyanobacteria,2.3856289947121128,2.692314582265234
2024-07-24,1,Cyanobacteria,2.425059722912079,2.7689673760604983
2024-07-25,1,Cyanobacteria,2.464490414182829,2.777530670593353
2024-07-26,1,Cyanobacteria,2.5039211423827954,2.741755934867005
2024-07-27,1,Cyanobacteria,2.543351870582762,2.6619964337703705
2024-07-28,1,Cyanobacteria,2.582782598782728,2.6470219317490313
2024-07-29,1,Cyanobacteria,2.6222133269826946,2.6859785626623682
2024-07-30,1,Cyanobacteria,2.661644018253444,2.748330000202042
2024-07-31,1,Cyanobacteria,2.7010747833826274,2.839877898202299
2024-08-01,1,Cyanobacteria,2.7405054377241598,2.9250415470424125
2024-08-02,1,Cyanobacteria,2.779936165924126,3.0224970857294347
2024-08-03,1,Cyanobacteria,2.8193668941240926,3.1322229476006935
2024-08-04,1,Cyanobacteria,2.858797622324059,3.1211297062760943
2024-08-05,1,Cyanobacteria,2.8982283505240254,3.141085959657951
2024-08-06,1,Cyanobacteria,2.937659078723992,3.159089986917328
2024-08-07,1,Cyanobacteria,2.977089806923958,3.1725503910455526
2024-08-08,1,Cyanobacteria,3.0165205351239246,3.26262267139671
2024-08-09,1,Cyanobacteria,3.0559511894654574,3.322567062578501
2024-08-10,1,Cyanobacteria,3.0953819176654234,3.2521830033529007
2024-08-11,1,Cyanobacteria,3.1348126458653898,3.2383335868537966
2024-08-12,1,Cyanobacteria,3.174243374065356,3.261635184136664
2024-08-13,1,Cyanobacteria,3.213674102265323,3.291843726715753
2024-08-14,1,Cyanobacteria,2.51202060595132,3.3338378595779794
2024-08-15,1,Cyanobacteria,2.1301284881407465,3.248416370945434
2024-08-16,1,Cyanobacteria,1.7162456514401505,3.093920406977182
2024-08-17,1,Cyanobacteria,1.9709851345579898,2.864525343866062
2024-08-18,1,Cyanobacteria,2.1755134201538433,2.7993970507904153
2024-08-19,1,Cyanobacteria,1.9877089458872177,2.780278425906404
2024-08-20,1,Cyanobacteria,2.1425091142797266,2.660441418304925
2024-08-21,1,Cyanobacteria,5.825709890108474,2.6587755782595464
2024-08-22,1,Cyanobacteria,5.125394265464514,3.241024692748115
2024-08-23,1,Cyanobacteria,4.425078640820555,3.5566538349805636
2024-08-24,1,Cyanobacteria,2.536459069176616,3.550593011902076
2024-08-25,1,Cyanobacteria,1.7120582844644823,3.2220825156624766
2024-08-26,1,Cyanobacteria,1.0761327378502328,2.9297462554177063
2024-08-27,1,Cyanobacteria,0.9477904145864402,2.5686324307411477
2024-08-28,1,Cyanobacteria,0.8274174901892322,2.3210774067522673
2024-08-29,1,Cyanobacteria,0.48264898006553536,2.1150982322341845
2024-08-30,1,Cyanobacteria,0.13788046994183834,1.978269284107985
2024-08-31,1,Cyanobacteria,0.4183165116141969,1.8761083907843732
2024-09-01,1,Cyanobacteria,0.6003124078184059,1.9655873571044271
2024-09-02,1,Cyanobacteria,0.7755394739976198,2.0291269737334185
2024-09-03,1,Cyanobacteria,1.0360471807761027,2.081943685611279
2024-09-04,1,Cyanobacteria,1.39186380472134,2.1333246518539175
2024-09-05,1,Cyanobacteria,1.4426499716859325,2.229061947936773
2024-09-06,1,Cyanobacteria,1.3857365090524227,2.2471060803257092
2024-09-07,1,Cyanobacteria,1.5848378708102708,2.2435469347234247
2024-09-08,1,Cyanobacteria,1.038901292233841,2.463988472266653
2024-09-09,1,Cyanobacteria,1.1076540402318689,2.55452554374178
2024-09-10,1,Cyanobacteria,1.512870877631245,2.568577295420308
2024-09-11,1,Cyanobacteria,2.70634118514705,2.537276091171427
2024-09-12,1,Cyanobacteria,3.3819120187114846,2.701893208687681
2024-09-13,1,Cyanobacteria,4.142161398922767,2.9725949303591204
2024-09-14,1,Cyanobacteria,3.3129978900355814,3.3011574967945556
2024-09-15,1,Cyanobacteria,3.069733173214493,3.261673885955981
2024-09-16,1,Cyanobacteria,3.229552853091804,3.1922917163850206
2024-09-17,1,Cyanobacteria,3.3594826895319185,3.1734705932723974
2024-09-18,1,Cyanobacteria,4.033889218745766,3.2326826780829565
2024-09-19,1,Cyanobacteria,5.413530492012218,3.2879151227629397
2024-09-20,1,Cyanobacteria,5.807697295270774,3.5504896100947416
2024-09-21,1,Cyanobacteria,4.29945475107159,3.712707842610048
2024-09-22,1,Cyanobacteria,3.3535264499957065,3.584781194611741
2024-09-23,1,Cyanobacteria,2.2214376156729507,3.3431196489549424
2024-09-24,1,Cyanobacteria,0.6470396845529434,2.9465119721758173
2024-09-25,1,Cyanobacteria,0.029993092204990024,2.5483398260517185
2024-09-26,1,Cyanobacteria,0.05209035386614458,2.142895915513744
2024-09-27,1,Cyanobacteria,0.6710296424389248,1.8443124273520044
2024-09-28,1,Cyanobacteria,0.7657582538912304,1.732724391253691
2024-09-29,1,Cyanobacteria,2.0137150405216846,1.7296673906782751
2024-09-30,1,Cyanobacteria,2.4855938736878462,1.930453897229639
2024-10-01,1,Cyanobacteria,2.3003854310466165,2.150644339178672
2024-10-02,1,Cyanobacteria,1.942241444761273,2.2803545252527866
2024-10-03,1,Cyanobacteria,1.9331098926709849,2.306542140836799
2024-10-04,1,Cyanobacteria,1.68257517942228,2.3374608691861924
2024-10-05,1,Cyanobacteria,2.1980854161306187,2.3058415012690645
2024-10-06,1,Cyanobacteria,2.93673311553931,2.3681619182665377
2024-10-07,1,Cyanobacteria,3.8911317972383146,2.551458535348583
2024-10-08,1,Cyanobacteria,3.4381240477990964,2.8709135813816316
2024-10-09,1,Cyanobacteria,2.673692655348598,2.988207938540751
2024-10-10,1,Cyanobacteria,2.4262254305729103,2.872456927214535
2024-10-11,1,Cyanobacteria,2.6029718385940392,2.7170561235736708
2024-10-12,1,Cyanobacteria,3.5544187310565913,2.604741191234403
2024-10-13,1,Cyanobacteria,4.760641731187849,2.723236006447461
2024-10-14,1,Cyanobacteria,6.227771864507636,3.0478582992975416
2024-10-15,1,Cyanobacteria,6.29530535748032,3.505112170096524
2024-10-16,1,Cyanobacteria,6.362838850453005,3.786588729384405
2024-10-17,1,Cyanobacteria,4.70217805388709,3.9391923664199986
2024-10-18,1,Cyanobacteria,5.582466296799455,3.700928308718482
2024-10-19,1,Cyanobacteria,5.554226672348887,3.767282430220081
2024-10-20,1,Cyanobacteria,5.140068754527715,3.828178265746218
2024-10-21,1,Cyanobacteria,4.0567619939619295,3.7602441646285456
2024-10-22,1,Cyanobacteria,5.039682143894924,3.464887537591529
2024-10-23,1,Cyanobacteria,6.0475445823594525,3.4561788896609356
2024-10-24,1,Cyanobacteria,3.754799616321772,3.6402562642467915
2024-10-25,1,Cyanobacteria,3.511246260741352,3.4406056911751284
2024-10-26,1,Cyanobacteria,3.1276079033640456,3.28060483655968
2024-10-27,1,Cyanobacteria,4.256938882232927,3.0875592755068206
2024-10-28,1,Cyanobacteria,4.139915659384325,3.2393967051500647
2024-10-29,1,Cyanobacteria,4.851031750521258,3.332618013685166
2024-10-30,1,Cyanobacteria,6.432972455729553,3.5299853271340114
2024-10-31,1,Cyanobacteria,6.041695289835397,3.9403998040959323
2024-11-01,1,Cyanobacteria,4.512645495379993,4.006186988259602
2024-11-02,1,Cyanobacteria,3.4821517987778607,3.751065481625182
2024-11-03,1,Cyanobacteria,3.712998106254923,3.429024097886175
2024-11-04,1,Cyanobacteria,5.276422058956328,3.2912230942964436
2024-11-05,1,Cyanobacteria,4.049208491936133,3.568780946661642
2024-11-06,1,Cyanobacteria,3.619208235496349,3.409274795835856
2024-11-07,1,Cyanobacteria,2.1169136863857023,3.234394273428081
2024-11-08,1,Cyanobacteria,2.4258070594745904,2.8626104162526573
2024-11-09,1,Cyanobacteria,2.091653051847913,2.701557743681314
2024-11-10,1,Cyanobacteria,2.865451085475442,2.556275065392666
2024-11-11,1,Cyanobacteria,2.649732388553008,2.682901177159221
2024-11-12,1,Cyanobacteria,2.0496080120601823,2.6653284462240796
2024-11-13,1,Cyanobacteria,2.6810680846904784,2.538078526125561
2024-11-14,1,Cyanobacteria,1.7691105270951217,2.528446573913903
2024-11-15,1,Cyanobacteria,1.9326068613429102,2.3433983671448253
2024-11-16,1,Cyanobacteria,2.2668200780446672,2.274652007901322
2024-11-17,1,Cyanobacteria,2.181764714900824,2.2581107838527776
2024-11-18,1,Cyanobacteria,2.292316157112912,2.264898761676738
2024-11-19,1,Cyanobacteria,1.9656885154618349,2.277336780434941
2024-11-20,1,Cyanobacteria,1.8186171520877727,2.2252609805898884
2024-11-21,1,Cyanobacteria,1.9696988345393551,2.1357840961544374
2024-11-22,1,Cyanobacteria,2.2770516868804327,2.0723608354096483
2024-11-23,1,Cyanobacteria,2.4312372423159876,2.0725823553172544
2024-11-24,1,Cyanobacteria,2.4629399410110624,2.0859944744943753
2024-11-25,1,Cyanobacteria,2.5442022396604385,2.144830895691928
2024-11-26,1,Cyanobacteria,2.654061489863159,2.1536075810885174
2024-11-27,1,Cyanobacteria,2.755242263305497,2.181473712671611
2024-11-28,1,Cyanobacteria,3.1401273510455248,2.199393199721188
2024-11-29,1,Cyanobacteria,3.525012438785552,2.261321834656514
2024-11-30,1,Cyanobacteria,3.9098974526671455,2.402370116611765
2024-12-01,1,Cyanobacteria,4.294782614265607,2.566034755765599
2024-12-02,1,Cyanobacteria,4.448371818241968,2.7625437603551335
2024-12-03,1,Cyanobacteria,4.601961022218329,2.857341946452088
2024-12-04,1,Cyanobacteria,4.755549930760954,2.915441649391028
2024-12-05,1,Cyanobacteria,4.909139134737314,2.933816445988134
2024-12-06,1,Cyanobacteria,4.281264157408407,3.027835721042124
2024-12-07,1,Cyanobacteria,4.116805798595629,2.9726297915398785
2024-12-08,1,Cyanobacteria,3.2391692211739285,2.9354909643994853
2024-12-09,1,Cyanobacteria,2.8343069042568425,2.7794487741194107
2024-12-10,1,Cyanobacteria,3.1810240214397614,2.591307893151387
2024-12-11,1,Cyanobacteria,3.292988310864514,2.4870652075477846
2024-12-12,1,Cyanobacteria,3.433917662276722,2.3958316141126077
2024-12-13,1,Cyanobacteria,2.4233524113561162,2.3770724212967353
2024-12-14,1,Cyanobacteria,2.352351892712717,2.367513422753073
2024-12-15,1,Cyanobacteria,2.2012347397482976,2.152592535400356
2024-12-16,1,Cyanobacteria,2.230415459130175,1.9531269223115628
2024-12-17,1,Cyanobacteria,2.1774451874901564,1.8328623390044505
2024-12-18,1,Cyanobacteria,2.751966715624436,1.7690675230220356
2024-12-19,1,Cyanobacteria,2.6467413066297683,1.8389504527742313
2024-12-20,1,Cyanobacteria,2.5497919567188663,1.883081383985029
2024-12-21,1,Cyanobacteria,3.3061502530617104,1.913116026881711
2024-12-22,1,Cyanobacteria,3.083616490734716,2.0641733233557176
2024-12-23,1,Cyanobacteria,2.9609335699616515,2.118798161243616
2024-12-24,1,Cyanobacteria,5.379092372362539,2.1464460411547996
2024-12-25,1,Cyanobacteria,4.2676883864065704,2.6381410090215747
2024-12-26,1,Cyanobacteria,4.250700355762691,2.715842186355562
2024-12-27,1,Cyanobacteria,4.233712177401943,2.776030679661096
2024-12-28,1,Cyanobacteria,4.216724146758062,2.7814501161003733
2024-12-29,1,Cyanobacteria,4.199736116114181,2.7527770165017706
2024-12-30,1,Cyanobacteria,4.182748085470301,2.7464313953025097
2024-12-31,1,Cyanobacteria,4.165759907109552,2.7277300705695273
2025-01-01,1,Cyanobacteria,4.148771876465672,2.6940793556827014
2025-01-02,1,Cyanobacteria,4.131783845821792,2.6607826073399123
2025-01-03,1,Cyanobacteria,4.114795815177911,2.6432482827903527
2025-01-04,1,Cyanobacteria,4.09780778453403,2.597360407156071
2025-01-05,1,Cyanobacteria,4.080819606173282,2.5594290051624577
2025-01-06,1,Cyanobacteria,4.063831575529401,2.545882260525109
2025-01-07,1,Cyanobacteria,4.046843544885521,2.491822318481867
2025-01-08,1,Cyanobacteria,4.029855514241641,2.4614355924312106
2025-01-09,1,Cyanobacteria,4.01286748359776,2.4619360571787103
2025-01-10,1,Cyanobacteria,3.9958793052370116,2.4341725611217004
2025-01-11,1,Cyanobacteria,3.978891274593131,2.4336453965503786
2025-01-12,1,Cyanobacteria,3.9619032439492505,2.442754504909092
2025-01-13,1,Cyanobacteria,3.9449152133053698,2.4713898259188007
2025-01-14,1,Cyanobacteria,3.927927034944622,2.4623241093899506
2025-01-15,1,Cyanobacteria,3.910939004300741,2.446029424793466
2025-01-16,1,Cyanobacteria,3.5364801423695695,2.425274577096034
2025-01-17,1,Cyanobacteria,3.256329711260756,2.3486796698482686
2025-01-18,1,Cyanobacteria,3.619419322900179,2.2271437243907597
2025-01-19,1,Cyanobacteria,4.279693483954993,2.167927429649473
2025-01-20,1,Cyanobacteria,3.606339141989211,2.2513568363021954
2025-01-21,1,Cyanobacteria,3.8403925303791917,2.2324331976834437
2025-01-22,1,Cyanobacteria,3.7916205567630454,2.2396669111554504
2025-01-23,1,Cyanobacteria,3.9443240504011507,2.203607977408104
2025-01-24,1,Cyanobacteria,4.1020147609238755,2.213585162404001
2025-01-25,1,Cyanobacteria,3.915799184679206,2.2507182747480785
2025-01-26,1,Cyanobacteria,3.8573213265591564,2.2471142786118623
2025-01-27,1,Cyanobacteria,3.352997032742153,2.282665094031505
2025-01-28,1,Cyanobacteria,3.2743688951346277,2.2343981643857544
2025-01-29,1,Cyanobacteria,2.925466971621161,2.1969796261242167
2025-01-30,1,Cyanobacteria,2.628274630141002,2.1194941292654126
2025-01-31,1,Cyanobacteria,2.704053863310373,1.996168607805132
2025-02-01,1,Cyanobacteria,2.6427248849991547,1.927246890175154
2025-02-02,1,Cyanobacteria,3.0344077921994477,1.8772211604127704
2025-02-03,1,Cyanobacteria,2.992498670394537,1.8843574730751895
2025-02-04,1,Cyanobacteria,2.742146055114392,1.860812512252916
2025-02-05,1,Cyanobacteria,2.560704281809846,1.8097202759386133
2025-02-06,1,Cyanobacteria,2.569134520374191,1.7517978886346441
2025-02-07,1,Cyanobacteria,2.6037166270405843,1.7126297640960908
2025-02-08,1,Cyanobacteria,2.221111502990765,1.7001029675004478
2025-02-09,1,Cyanobacteria,2.29789250579482,1.6064856669724714
2025-02-10,1,Cyanobacteria,2.6357472202525605,1.5722183080217618
2025-02-11,1,Cyanobacteria,2.7788157334832215,1.6073049416495142
2025-02-12,1,Cyanobacteria,4.761676930996137,1.6245860794879716
2025-02-13,1,Cyanobacteria,3.5937994570968677,2.0079577940707662
2025-02-14,1,Cyanobacteria,3.7173086321689706,2.0575734352657595
2025-02-15,1,Cyanobacteria,4.066711315863672,2.1624750985102374
2025-02-16,1,Cyanobacteria,4.379374746544895,2.333990963036559
2025-02-17,1,Cyanobacteria,3.8524308642228293,2.645599492172275
2025-02-18,1,Cyanobacteria,3.6857537980583843,2.7681530129693037
2025-02-19,1,Cyanobacteria,3.244554018007749,2.621989055848429
2025-02-20,1,Cyanobacteria,4.558254850860375,2.424138080445775
2025-02-21,1,Cyanobacteria,3.600341098579462,2.5307810912897843
2025-02-22,1,Cyanobacteria,3.050404199510989,2.41672010864602
2025-02-23,1,Cyanobacteria,3.8243463424832624,2.2732215916137144
2025-02-24,1,Cyanobacteria,3.242584361294891,2.365276804731207
2025-02-25,1,Cyanobacteria,2.738734977207289,2.3109080051823785
2025-02-26,1,Cyanobacteria,5.764431911045802,2.218911195621421
2025-02-27,1,Cyanobacteria,5.699388924461207,2.697995034409598
2025-02-28,1,Cyanobacteria,5.294133606817816,2.9996500871066702
2025-03-01,1,Cyanobacteria,5.465034341378146,3.0931902425005315
2025-03-02,1,Cyanobacteria,6.86691468449867,3.131567232425324
2025-03-03,1,Cyanobacteria,6.505913863225841,3.3719296082313956
2025-03-04,1,Cyanobacteria,6.144913337386748,3.460799768713854
2025-03-05,1,Cyanobacteria,5.783912516113919,3.465588158694655
2025-03-06,1,Cyanobacteria,3.995177650115812,3.4173336372657848
2025-03-07,1,Cyanobacteria,3.5215851120230104,3.118465484851683
2025-03-08,1,Cyanobacteria,3.609642682016686,2.8911800401854917
2025-03-09,1,Cyanobacteria,4.0597282963806265,2.735506255773264
2025-03-10,1,Cyanobacteria,4.439893608624863,2.7203993255801024
2025-03-11,1,Cyanobacteria,5.394914916920889,2.7972552300683455
2025-03-12,1,Cyanobacteria,5.2924499299606715,3.025326306894979
2025-03-13,1,Cyanobacteria,5.189984943000454,3.1487941212441477
2025-03-14,1,Cyanobacteria,5.087519956040236,3.2927849047378
2025-03-15,1,Cyanobacteria,4.985055264513753,3.3262783011606096
2025-03-16,1,Cyanobacteria,4.882590277553535,3.2796355184743513
2025-03-17,1,Cyanobacteria,5.625519264168789,3.185264160266387
2025-03-18,1,Cyanobacteria,4.509025693538941,3.2646839125674934
2025-03-19,1,Cyanobacteria,4.394967148223492,3.130578415713469
2025-03-20,1,Cyanobacteria,4.700154037366948,3.061749371953315
2025-03-21,1,Cyanobacteria,4.005087974764502,3.038464392818055
2025-03-22,1,Cyanobacteria,4.032076880496924,2.9114329090375306
2025-03-23,1,Cyanobacteria,4.227482366226896,2.8566761865297208
2025-03-24,1,Cyanobacteria,4.505732345975332,2.8802373962074324
2025-03-25,1,Cyanobacteria,5.035901773818768,2.9858294015383184
2025-03-26,1,Cyanobacteria,4.455102389598249,3.083405994198356
2025-03-27,1,Cyanobacteria,5.083039998879028,3.1221519808584652
2025-03-28,1,Cyanobacteria,4.944103717303195,3.304115010059629
2025-03-29,1,Cyanobacteria,4.4907801492010035,3.3874180172351886
2025-03-30,1,Cyanobacteria,3.5802065509383874,3.338473362600793
2025-03-31,1,Cyanobacteria,3.4690265642222684,3.1917701281254507
2025-04-01,1,Cyanobacteria,3.36960218126516,3.0312258970124586
2025-04-02,1,Cyanobacteria,3.702667379400984,2.928168343837779
2025-04-03,1,Cyanobacteria,4.032964511154459,2.9337321735151565
2025-04-04,1,Cyanobacteria,4.040228783553454,2.994037215429243
2025-04-05,1,Cyanobacteria,4.369511839010711,2.9034271718215114
2025-04-06,1,Cyanobacteria,4.6987947467511,2.844826487126035
2025-04-07,1,Cyanobacteria,3.820243506485091,2.9535535613968746
2025-04-08,1,Cyanobacteria,4.305716173656307,2.9839279900183016
2025-04-09,1,Cyanobacteria,3.831089765207027,3.0434086240941958
2025-04-10,1,Cyanobacteria,3.3564633567577467,3.0947377244057286
2025-04-11,1,Cyanobacteria,2.8818370221669,2.898206636144485
2025-04-12,1,Cyanobacteria,2.407210650646836,2.726962533725369
2025-04-13,1,Cyanobacteria,1.166469505252866,2.465421769033179
2025-04-14,1,Cyanobacteria,0.6653158062824787,2.144127417190644
2025-04-15,1,Cyanobacteria,0.045836907992278686,1.8051849988104807
2025-04-16,1,Cyanobacteria,0.010000057323096723,1.5528232679492147
2025-04-17,1,Cyanobacteria,0.010000057323096723,1.3975336212512353
2025-04-18,1,Cyanobacteria,0.010000057323096723,1.3947103087603958
2025-04-19,1,Cyanobacteria,0.012684220524636913,1.3517549822405597
2025-04-20,1,Cyanobacteria,0.19688641586363254,1.3441940205129472
2025-04-21,1,Cyanobacteria,0.36621204546452146,1.4666561784273522
2025-04-22,1,Cyanobacteria,0.28567001426166505,1.5240877579740424
2025-04-23,1,Cyanobacteria,0.01733656327035904,1.5032340507629551
2025-04-24,1,Cyanobacteria,0.5650278705172582,1.466212769319971
2025-04-25,1,Cyanobacteria,1.8506289298637357,1.595498006279005
2025-04-26,1,Cyanobacteria,1.6557591762834083,1.8158227736383785
2025-04-27,1,Cyanobacteria,1.979815288844506,1.9413698690807881
2025-04-28,1,Cyanobacteria,2.455806139535393,2.049210143601474
2025-04-29,1,Cyanobacteria,1.6560965246798376,2.2199679713246856
2025-04-30,1,Cyanobacteria,1.3113472546781484,2.1940393218742216
2025-05-01,1,Cyanobacteria,0.9400713219520396,2.235926738531896
2025-05-02,1,Cyanobacteria,1.3620850443685946,2.1304731531382752
2025-05-03,1,Cyanobacteria,1.75639923213182,2.2694166820729254
2025-05-04,1,Cyanobacteria,2.7952992371657426,2.3464610732842526
2025-05-05,1,Cyanobacteria,1.6534901344090995,2.5613026459113617
2025-05-06,1,Cyanobacteria,2.20842023289533,2.5591640749603792
2025-05-07,1,Cyanobacteria,1.6503234171302585,2.5741121356624146
2025-05-08,1,Cyanobacteria,0.08253465256595605,2.577095647096189
2025-05-09,1,Cyanobacteria,0.0698726581072231,2.0883345681820096
2025-05-10,1,Cyanobacteria,0.06358789625742167,1.8222124883226245
2025-05-11,1,Cyanobacteria,0.06894676878097483,1.6165650905053706
2025-05-12,1,Cyanobacteria,0.05612272891846137,1.40247482433159
2025-05-13,1,Cyanobacteria,0.03229171438204004,1.270240309322853
2025-05-14,1,Cyanobacteria,0.05060181099112793,1.2090329389229035
2025-05-15,1,Cyanobacteria,0.02116892968391726,1.1320824956393833
2025-05-16,1,Cyanobacteria,0.010023101154445602,1.0090204595255694
2025-05-17,1,Cyanobacteria,0.010000057323096723,0.9471839629864225
2025-05-18,1,Cyanobacteria,0.012986153802054368,0.9885414361492029
2025-05-19,1,Cyanobacteria,0.02918980787886749,1.1429910170210218
2025-05-20,1,Cyanobacteria,0.7556977011881698,1.2287004058285609
2024-06-17,1,Diatoms,0.11487578622310624,0.12352820631430972
2024-06-18,1,Diatoms,0.1470401187113014,0.2102938075206241
2024-06-19,1,Diatoms,0.17920445119949668,0.21770893342169673
2024-06-20,1,Diatoms,0.21136883906743364,0.18233761546862415
2024-06-21,1,Diatoms,0.24353317155562892,0.19476239280820895
2024-06-22,1,Diatoms,0.2756975040438242,0.18270002049862222
2024-06-23,1,Diatoms,0.3078618365320194,0.22269715290015246
2024-06-24,1,Diatoms,0.34002616902021465,0.2286199609003453
2024-06-25,1,Diatoms,0.37219050150840993,0.2532797845842868
2024-06-26,1,Diatoms,0.4043548339966051,0.2844826693759973
2024-06-27,1,Diatoms,0.43651922186454206,0.2946102396481388
2024-06-28,1,Diatoms,0.46868355435273734,0.29307826985216756
2024-06-29,1,Diatoms,0.5008478868409326,0.28876119746395423
2024-06-30,1,Diatoms,0.5330122193291278,0.29588868098638843
2024-07-01,1,Diatoms,0.5651765518173231,0.2998176521444327
2024-07-02,1,Diatoms,0.5973409119953892,0.25512110561766177
2024-07-03,1,Diatoms,0.6295052444835845,0.2736902653041726
2024-07-04,1,Diatoms,0.6616695769717797,0.2664005191384172
2024-07-05,1,Diatoms,0.6938339094599749,0.28680823087121554
2024-07-06,1,Diatoms,0.725998269638041,0.27578461637759355
2024-07-07,1,Diatoms,0.7581626021262362,0.31018756416646287
2024-07-08,1,Diatoms,0.7903269346144315,0.29236575409483945
2024-07-09,1,Diatoms,0.8224912809475622,0.30390002518711856
2024-07-10,1,Diatoms,0.8546556272806929,0.30537633834263334
2024-07-11,1,Diatoms,0.8868199597688882,0.34560218907758233
2024-07-12,1,Diatoms,0.9189843061020188,0.4001433153961632
2024-07-13,1,Diatoms,0.9511486455126817,0.431826287169086
2024-07-14,1,Diatoms,0.9833129849233447,0.44484479071994976
2024-07-15,1,Diatoms,1.015477325199316,0.43442210180403384
2024-07-16,1,Diatoms,1.0476416654752876,0.4567920839261844
2024-07-17,1,Diatoms,1.0798060066165676,0.4442003920449715
2024-07-18,1,Diatoms,1.1119703425659966,0.46288335710077433
2024-07-19,1,Diatoms,1.1441346888991273,0.47029122825567804
2024-07-20,1,Diatoms,1.1762990213873226,0.4581774635457492
2024-07-21,1,Diatoms,1.2084633677204533,0.4718658404527951
2024-07-22,1,Diatoms,1.2406277002086483,0.4853343597851021
2024-07-23,1,Diatoms,1.2727920603867144,0.5246402976298773
2024-07-24,1,Diatoms,1.3049563928749097,0.5275813495748813
2024-07-25,1,Diatoms,1.337120725363105,0.5656822519290938
2024-07-26,1,Diatoms,1.3692850578513003,0.5758242209340897
2024-07-27,1,Diatoms,1.4014494180293664,0.5874614983460199
2024-07-28,1,Diatoms,1.4336137505175617,0.5865190182110838
2024-07-29,1,Diatoms,1.4657780830057567,0.5672186521044049
2024-07-30,1,Diatoms,1.497942415493952,0.5846354701246261
2024-07-31,1,Diatoms,1.5301067479821473,0.5595934985327534
2024-08-01,1,Diatoms,1.5622711358500843,0.5551849388111726
2024-08-02,1,Diatoms,1.5944354683382795,0.5624937356080894
2024-08-03,1,Diatoms,1.6265998008264748,0.5335954787692163
2024-08-04,1,Diatoms,1.65876413331467,0.53448687109239
2024-08-05,1,Diatoms,1.6909284658028652,0.5452953352893217
2024-08-06,1,Diatoms,1.7230927982910607,0.5202910496117084
2024-08-07,1,Diatoms,1.7552571307792557,0.5550868059087953
2024-08-08,1,Diatoms,1.787421518647193,0.5707737546259093
2024-08-09,1,Diatoms,1.819585851135388,0.5642584110788852
2024-08-10,1,Diatoms,1.8517501836235832,0.5369368708673158
2024-08-11,1,Diatoms,1.8839145161117785,0.5470962291112207
2024-08-12,1,Diatoms,1.9160788485999736,0.5456515377882439
2024-08-13,1,Diatoms,1.948243181088169,0.5485894884677102
2024-08-14,1,Diatoms,1.6887995577705937,0.5768391377712321
2024-08-15,1,Diatoms,1.0952901304907636,0.5567557851858509
2024-08-16,1,Diatoms,0.12010512909713222,0.4801298824151209
2024-08-17,1,Diatoms,0.1096410715141306,0.34887391346056296
2024-08-18,1,Diatoms,0.0991769585513873,0.28748912479600564
2024-08-19,1,Diatoms,0.08871284558864401,0.23744821167159835
2024-08-20,1,Diatoms,0.07824873262590071,0.20859713837269456
2024-08-21,1,Diatoms,0.06778461966315741,0.2013149792315586
2024-08-22,1,Diatoms,0.05732050670041411,0.184503129510191
2024-08-23,1,Diatoms,0.0468563937376707,0.19822362666745075
2024-08-24,1,Diatoms,0.0363922807749274,0.18759210074540367
2024-08-25,1,Diatoms,0.0259281678121841,0.20461788240914325
2024-08-26,1,Diatoms,0.015464054849440911,0.23270582286676134
2024-08-27,1,Diatoms,0.005000052646181086,0.2605036842371041
2024-08-28,1,Diatoms,0.009999957250145464,0.23601310104394402
2024-08-29,1,Diatoms,0.009999957250145464,0.2657023467342018
2024-08-30,1,Diatoms,0.009999957250145464,0.3053260535371263
2024-08-31,1,Diatoms,0.04942246945130002,0.3317129498472168
2024-09-01,1,Diatoms,0.030651949023793867,0.40437892418426546
2024-09-02,1,Diatoms,0.10004088252265408,0.36210191857445884
2024-09-03,1,Diatoms,0.22404875087725096,0.2960024309759385
2024-09-04,1,Diatoms,0.3095800483994888,0.2052019171656162
2024-09-05,1,Diatoms,0.4216615017104899,0.16406933391902934
2024-09-06,1,Diatoms,0.34083659616095296,0.13699174146985937
2024-09-07,1,Diatoms,0.5051786380253577,0.15040454878196796
2024-09-08,1,Diatoms,0.06603993627913252,0.19865293042548027
2024-09-09,1,Diatoms,0.19430672829310747,0.29140768456260135
2024-09-10,1,Diatoms,0.3002735381785012,0.34481917490900915
2024-09-11,1,Diatoms,0.9913053581012924,0.33873078148099023
2024-09-12,1,Diatoms,1.683565341479294,0.3329776016297712
2024-09-13,1,Diatoms,3.4838042425523312,0.41255640761023926
2024-09-14,1,Diatoms,2.182177510863132,0.6449392185403942
2024-09-15,1,Diatoms,1.9313884674466886,0.6275284092221525
2024-09-16,1,Diatoms,2.253710969481437,0.5920440058364308
2024-09-17,1,Diatoms,2.038354327873214,0.6023492896998413
2024-09-18,1,Diatoms,2.7312905775063356,0.6373110190829465
2024-09-19,1,Diatoms,3.742915421280194,0.7004481889156317
2024-09-20,1,Diatoms,3.815068800727624,0.8277441463668956
2024-09-21,1,Diatoms,3.3351814081046083,0.9022057811402481
2024-09-22,1,Diatoms,2.220852507310174,0.9065309112808857
2024-09-23,1,Diatoms,1.001805438475684,0.823307841394699
2024-09-24,1,Diatoms,0.016862282569090947,0.6766210550286111
2024-09-25,1,Diatoms,0.01359720375512019,0.5407468863400857
2024-09-26,1,Diatoms,0.012097188070137266,0.5140807099923607
2024-09-27,1,Diatoms,0.11036726606767044,0.558892723280676
2024-09-28,1,Diatoms,0.017431807833226065,0.57167899188452
2024-09-29,1,Diatoms,0.4853130939642709,0.5377804704733611
2024-09-30,1,Diatoms,0.657896195198176,0.5225122202937319
2024-10-01,1,Diatoms,0.9030704250481575,0.45659803331109994
2024-10-02,1,Diatoms,0.6214444738633442,0.4063183227402758
2024-10-03,1,Diatoms,0.6168757836184995,0.37078645891587614
2024-10-04,1,Diatoms,0.45914937801342426,0.3580893240063753
2024-10-05,1,Diatoms,0.8560529273896688,0.3446887556171929
2024-10-06,1,Diatoms,1.7966214782450574,0.3604669978385783
2024-10-07,1,Diatoms,2.6551261541235904,0.47750731936490876
2024-10-08,1,Diatoms,2.204155404413708,0.676131248902722
2024-10-09,1,Diatoms,1.4238687711912852,0.6865784987341031
2024-10-10,1,Diatoms,1.3468056730493267,0.5883757625025354
2024-10-11,1,Diatoms,1.4325203882762334,0.5376521002319896
2024-10-12,1,Diatoms,2.3505722422286457,0.546007795666908
2024-10-13,1,Diatoms,3.6510986892087978,0.6721085475317694
2024-10-14,1,Diatoms,3.484083577969707,0.8753088650985305
2024-10-15,1,Diatoms,3.3170684667306167,0.9543330083530551
2024-10-16,1,Diatoms,3.1500533554915258,0.9580028923117997
2024-10-17,1,Diatoms,2.983038244252435,0.89852319445324
2024-10-18,1,Diatoms,2.816023243772827,0.8648971967512223
2024-10-19,1,Diatoms,2.6490081325337362,0.8207122482787182
2024-10-20,1,Diatoms,2.4819930212946453,0.7988354227568324
2024-10-21,1,Diatoms,2.314978020815038,0.7498568869082453
2024-10-22,1,Diatoms,2.1479629095759476,0.7112938129192761
2024-10-23,1,Diatoms,1.9809477983368564,0.6585611120674718
2024-10-24,1,Diatoms,1.8139327424775074,0.6091916506218865
2024-10-25,1,Diatoms,0.2406963442845943,0.6017728142781168
2024-10-26,1,Diatoms,0.1859125439376743,0.4852511794129968
2024-10-27,1,Diatoms,0.7062105341141101,0.41339086955889615
2024-10-28,1,Diatoms,0.645077612515022,0.4161176572830777
2024-10-29,1,Diatoms,1.0117547084774174,0.4003837742348324
2024-10-30,1,Diatoms,1.063738072966099,0.4375635730344234
2024-10-31,1,Diatoms,0.7769926280862505,0.4817604835311451
2024-11-01,1,Diatoms,0.12952051589039615,0.4466775278933537
2024-11-02,1,Diatoms,0.010605147067966225,0.3697017912940024
2024-11-03,1,Diatoms,0.01678441865219349,0.30585011203328627
2024-11-04,1,Diatoms,0.009999957250145464,0.26150661136015796
2024-11-05,1,Diatoms,0.012130526674669628,0.2834579226346948
2024-11-06,1,Diatoms,0.009999957250145464,0.27552577146466406
2024-11-07,1,Diatoms,0.009999957250145464,0.24373364622075622
2024-11-08,1,Diatoms,0.010246286341440092,0.21877659946285388
2024-11-09,1,Diatoms,0.015168991585408076,0.20595785064047467
2024-11-10,1,Diatoms,0.009999957250145464,0.24819055245688293
2024-11-11,1,Diatoms,0.010168200905575686,0.3199850157980454
2024-11-12,1,Diatoms,0.010716128070429098,0.30101501754076343
2024-11-13,1,Diatoms,0.009999957250145464,0.22781811761957793
2024-11-14,1,Diatoms,0.010076713572208185,0.20415363403407083
2024-11-15,1,Diatoms,0.010798422366666394,0.14935615489093912
2024-11-16,1,Diatoms,0.2556527511384413,0.13181534162894437
2024-11-17,1,Diatoms,0.5426029937645073,0.10856271718281618
2024-11-18,1,Diatoms,1.1463772776962717,0.17355184095929177
2024-11-19,1,Diatoms,1.0751592897768338,0.2417946353229381
2024-11-20,1,Diatoms,0.37024395896571405,0.28471183074735007
2024-11-21,1,Diatoms,0.2844877089324964,0.24406254650699677
2024-11-22,1,Diatoms,0.1552930293455359,0.20408723372371518
2024-11-23,1,Diatoms,0.759390924798204,0.19498324721829952
2024-11-24,1,Diatoms,2.356500422063788,0.22959996081031564
2024-11-25,1,Diatoms,2.299424066547732,0.44416937938959267
2024-11-26,1,Diatoms,2.2209213997089083,0.5879858891206304
2024-11-27,1,Diatoms,2.0964624079780334,0.6454028854281781
2024-11-28,1,Diatoms,1.6569120132316542,0.6671258660274885
2024-11-29,1,Diatoms,1.2173616461751464,0.6091039568008287
2024-11-30,1,Diatoms,0.7778112514287675,0.5850860120136159
2024-12-01,1,Diatoms,0.33826088437225954,0.5389328121396508
2024-12-02,1,Diatoms,0.8960657876378555,0.4704388706471778
2024-12-03,1,Diatoms,1.4538707185933224,0.4547472977216279
2024-12-04,1,Diatoms,2.0116755803241118,0.474368949400057
2024-12-05,1,Diatoms,2.5694804974346432,0.5369218629573022
2024-12-06,1,Diatoms,2.661596833908895,0.5711111280126373
2024-12-07,1,Diatoms,2.7537131703831466,0.6034355633342257
2024-12-08,1,Diatoms,2.845829506857398,0.7036064125179
2024-12-09,1,Diatoms,1.238424943290756,0.7693723756217438
2024-12-10,1,Diatoms,1.216702447264186,0.6874758443795147
2024-12-11,1,Diatoms,1.5076900253579615,0.6376925855035893
2024-12-12,1,Diatoms,1.3567113643861552,0.6471493963436807
2024-12-13,1,Diatoms,0.5906684007412846,0.6523235809949258
2024-12-14,1,Diatoms,0.4890478483680054,0.5840726181193716
2024-12-15,1,Diatoms,0.3876108798386205,0.479327042299002
2024-12-16,1,Diatoms,0.3763211103061582,0.4075378954130474
2024-12-17,1,Diatoms,0.29494373645294447,0.37095564402691594
2024-12-18,1,Diatoms,0.6117096567196787,0.3779595753455106
2024-12-19,1,Diatoms,0.6116438378966114,0.34880457802389453
2024-12-20,1,Diatoms,0.5014866367822525,0.36960266155627375
2024-12-21,1,Diatoms,0.9484899541034469,0.36560020148093
2024-12-22,1,Diatoms,0.9497447413695024,0.4338422205281919
2024-12-23,1,Diatoms,1.307469110207365,0.5037512251818064
2024-12-24,1,Diatoms,3.0227678925013226,0.5320163808130176
2024-12-25,1,Diatoms,3.0469617510381974,0.8714711043751449
2024-12-26,1,Diatoms,3.056323807140158,1.022899739593588
2024-12-27,1,Diatoms,3.065685863242119,1.0676735823949035
2024-12-28,1,Diatoms,3.0750479193440796,1.0715917337359038
2024-12-29,1,Diatoms,3.0844099754460403,1.0970415079010722
2024-12-30,1,Diatoms,3.0937722530669687,1.0828520550906917
2024-12-31,1,Diatoms,3.1031343091689294,1.1082004081813166
2025-01-01,1,Diatoms,3.11249636527089,1.1231594940301708
2025-01-02,1,Diatoms,3.121858421372851,1.1487734483622185
2025-01-03,1,Diatoms,3.1312204774748116,1.15288229292146
2025-01-04,1,Diatoms,3.1405825335767723,1.1687321411489253
2025-01-05,1,Diatoms,3.1499448111976998,1.1750914245837039
2025-01-06,1,Diatoms,3.1593068672996605,1.1678864094228227
2025-01-07,1,Diatoms,3.168668923401621,1.213289241485975
2025-01-08,1,Diatoms,3.178030979503582,1.2218617209199656
2025-01-09,1,Diatoms,3.1873930356055427,1.2123919235304343
2025-01-10,1,Diatoms,3.19675531322647,1.188610422550614
2025-01-11,1,Diatoms,3.206117369328431,1.20748707825318
2025-01-12,1,Diatoms,3.2154794254303916,1.2244724880851854
2025-01-13,1,Diatoms,3.2248414815323523,1.284944978574059
2025-01-14,1,Diatoms,3.234203537634313,1.2756230450949948
2025-01-15,1,Diatoms,3.2435655937362737,1.2987415121167387
2025-01-16,1,Diatoms,2.9542715696799546,1.3128810677798046
2025-01-17,1,Diatoms,2.1453240648816614,1.2924332334241098
2025-01-18,1,Diatoms,2.1303962339745564,1.17933824776951
2025-01-19,1,Diatoms,2.6871867049757503,1.0988263554428
2025-01-20,1,Diatoms,2.5049454875405,1.1570201564653773
2025-01-21,1,Diatoms,2.6929990303911557,1.1504755724147102
2025-01-22,1,Diatoms,2.7993976915026995,1.1913535472986112
2025-01-23,1,Diatoms,2.9239197053796837,1.19457864193904
2025-01-24,1,Diatoms,3.0675517175010887,1.249678743680953
2025-01-25,1,Diatoms,2.6825037940135505,1.2835593774355274
2025-01-26,1,Diatoms,2.060817126442534,1.2295369931578988
2025-01-27,1,Diatoms,0.9319195323662293,1.0413006140898624
2025-01-28,1,Diatoms,0.894885631496273,0.8112101921896189
2025-01-29,1,Diatoms,0.3764848682025066,0.6768005961513577
2025-01-30,1,Diatoms,0.307255262220655,0.5003782666309107
2025-01-31,1,Diatoms,0.482759035654601,0.4511565306464378
2025-02-01,1,Diatoms,0.5170904881968738,0.4407884461558853
2025-02-02,1,Diatoms,0.8811941256338183,0.45118200532764186
2025-02-03,1,Diatoms,0.6260501854655476,0.4823341068961695
2025-02-04,1,Diatoms,0.3180080697771299,0.48227784107855376
2025-02-05,1,Diatoms,0.14018238991092113,0.4252650615060237
2025-02-06,1,Diatoms,0.06326629729343225,0.34079434141799936
2025-02-07,1,Diatoms,0.05520788031221635,0.3223276896334637
2025-02-08,1,Diatoms,0.012340526655377548,0.3130951667474513
2025-02-09,1,Diatoms,0.03574854665685023,0.27287324797416634
2025-02-10,1,Diatoms,0.1375051670556039,0.17976212519889778
2025-02-11,1,Diatoms,0.19643020911068776,0.2332916297749703
2025-02-12,1,Diatoms,0.9285940411764791,0.2776789358238212
2025-02-13,1,Diatoms,0.788530554241485,0.429075630776211
2025-02-14,1,Diatoms,0.5877325821818757,0.44154914228853404
2025-02-15,1,Diatoms,0.5414111663423513,0.5012826178136534
2025-02-16,1,Diatoms,0.7165380529438322,0.46916026316970305
2025-02-17,1,Diatoms,0.4559160871712167,0.5639467338923281
2025-02-18,1,Diatoms,0.23179106029257002,0.5256659858267896
2025-02-19,1,Diatoms,0.07829912819089124,0.4489255023703832
2025-02-20,1,Diatoms,0.42015738792461776,0.34977333584629
2025-02-21,1,Diatoms,0.24066726992017673,0.4016462662074586
2025-02-22,1,Diatoms,0.11377201259032943,0.3346486299572713
2025-02-23,1,Diatoms,0.4151132902867384,0.2750070294237117
2025-02-24,1,Diatoms,0.240283488309864,0.3213539476343109
2025-02-25,1,Diatoms,0.1421626033365997,0.28118314436265934
2025-02-26,1,Diatoms,2.269034100985138,0.23621573551899955
2025-02-27,1,Diatoms,3.474883895270551,0.47848527022443443
2025-02-28,1,Diatoms,3.2469592643105836,0.6963959424524566
2025-03-01,1,Diatoms,3.532653605153291,0.7623568699371237
2025-03-02,1,Diatoms,3.9803091020031793,0.8369876067519033
2025-03-03,1,Diatoms,4.303641730527409,0.899661192766417
2025-03-04,1,Diatoms,3.78357367703871,0.9559871804716608
2025-03-05,1,Diatoms,3.263505623550012,0.9157593983682183
2025-03-06,1,Diatoms,2.445893625876814,0.8305160408907308
2025-03-07,1,Diatoms,2.1873904059538587,0.7192630685162779
2025-03-08,1,Diatoms,2.4192182011122165,0.6499010772617779
2025-03-09,1,Diatoms,2.5616369538514094,0.6330045796051488
2025-03-10,1,Diatoms,2.5623639791010753,0.6447315721987105
2025-03-11,1,Diatoms,3.1053574735216554,0.6947728729813101
2025-03-12,1,Diatoms,3.6151816039008002,0.816323985232488
2025-03-13,1,Diatoms,3.107029941722441,0.9376027399137499
2025-03-14,1,Diatoms,3.2260108801591008,0.9534630826022764
2025-03-15,1,Diatoms,3.3501793497647663,0.9345687538396251
2025-03-16,1,Diatoms,1.9443292178401383,0.9608843002749413
2025-03-17,1,Diatoms,2.099320002652223,0.7677833093120304
2025-03-18,1,Diatoms,1.8463188708314027,0.6982823425956142
2025-03-19,1,Diatoms,1.780256819938304,0.6012816513485549
2025-03-20,1,Diatoms,1.7156178068891585,0.5611848354118785
2025-03-21,1,Diatoms,1.4939619411760823,0.5189350766350118
2025-03-22,1,Diatoms,1.3128380931002082,0.4991397540864614
2025-03-23,1,Diatoms,1.297631314433919,0.4603664585978172
2025-03-24,1,Diatoms,1.2957249775837323,0.4549580176389786
2025-03-25,1,Diatoms,1.8340092833546535,0.4714256268856414
2025-03-26,1,Diatoms,2.4745909650126254,0.5084189067150255
2025-03-27,1,Diatoms,2.922641983978077,0.5814510795943819
2025-03-28,1,Diatoms,3.370692892184045,0.6884800729264997
2025-03-29,1,Diatoms,3.81874402190898,0.7727162321183509
2025-03-30,1,Diatoms,2.0619658130458682,0.8775982082426457
2025-03-31,1,Diatoms,1.6932653247654001,0.7563064670119438
2025-04-01,1,Diatoms,1.7591859357980748,0.7146663007423668
2025-04-02,1,Diatoms,1.9053805900891203,0.7286967306243186
2025-04-03,1,Diatoms,1.9544381805190527,0.7650944290210753
2025-04-04,1,Diatoms,1.9513602298524477,0.8358876543213071
2025-04-05,1,Diatoms,2.6457309809360643,0.8763019346275532
2025-04-06,1,Diatoms,1.5750193308814766,1.0314363848734336
2025-04-07,1,Diatoms,1.3240417748241233,1.015776800671211
2025-04-08,1,Diatoms,1.8360576692424235,0.9834179156890215
2025-04-09,1,Diatoms,1.4853138130148642,0.9384991094912132
2025-04-10,1,Diatoms,1.1345699567873047,0.9283522393790725
2025-04-11,1,Diatoms,0.7838261005597453,0.7729025572594617
2025-04-12,1,Diatoms,0.4330822443321859,0.6493373668705265
2025-04-13,1,Diatoms,0.14059413829081646,0.4843067332972286
2025-04-14,1,Diatoms,0.02042419679883034,0.3798123046056856
2025-04-15,1,Diatoms,0.010812378061586747,0.31592584686715186
2025-04-16,1,Diatoms,0.009999957250145464,0.24602487227609082
2025-04-17,1,Diatoms,0.009999957250145464,0.18620854865731662
2025-04-18,1,Diatoms,0.009999957250145464,0.1409580939535835
2025-04-19,1,Diatoms,0.07066071117109118,0.1464246282615156
2025-04-20,1,Diatoms,0.2692292609671566,0.15296010234466517
2025-04-21,1,Diatoms,0.17088181747040176,0.16062089278013136
2025-04-22,1,Diatoms,0.5292603525851932,0.1382208948379533
2025-04-23,1,Diatoms,0.009999957250145464,0.19145533614999322
2025-04-24,1,Diatoms,0.009999957250145464,0.17534348636431873
2025-04-25,1,Diatoms,0.009999957250145464,0.17419147697647963
2025-04-26,1,Diatoms,0.009999957250145464,0.1673891832975889
2025-04-27,1,Diatoms,0.009999957250145464,0.1765650527077932
2025-04-28,1,Diatoms,1.400903013807411,0.18056767892236225
2025-04-29,1,Diatoms,0.6915927466911804,0.3368406155153937
2025-04-30,1,Diatoms,2.6862102493692515,0.29604756546546307
2025-05-01,1,Diatoms,2.7766759372609666,0.6329279617324406
2025-05-02,1,Diatoms,2.8671415143931975,0.8548186098606568
2025-05-03,1,Diatoms,2.9576072022849123,0.9988467532747841
2025-05-04,1,Diatoms,3.048072890176627,1.1803217366032106
2025-05-05,1,Diatoms,3.436536303856723,1.252162746617312
2025-05-06,1,Diatoms,2.6573452203754275,1.1490975029210562
2025-05-07,1,Diatoms,1.878154192273874,1.0872758857760594
2025-05-08,1,Diatoms,0.052604146374198524,0.8386064119829353
2025-05-09,1,Diatoms,0.041794020785014596,0.4093753398644999
2025-05-10,1,Diatoms,0.03407408478536167,0.21663628320378225
2025-05-11,1,Diatoms,0.03515044544597323,0.12965885448528236
2025-05-12,1,Diatoms,0.0236227091632204,0.06373536370603672
2025-05-13,1,Diatoms,0.01047456163692484,0.002749530701031011
2025-05-14,1,Diatoms,0.020798563853046126,-0.04074018049357031
2025-05-15,1,Diatoms,0.009999957250145464,-0.05939573257720787
2025-05-16,1,Diatoms,0.010046254714246805,-0.026553552050018858
2025-05-17,1,Diatoms,0.009999957250145464,0.021440415059903906
2025-05-18,1,Diatoms,0.009999957250145464,0.02466473438394834
2025-05-19,1,Diatoms,0.009999957250145464,-0.013135040624510097
2025-05-20,1,Diatoms,0.009999957250145464,-0.03476082977705297
2024-06-17,1,Cryptophyta,2.196841244953295,3.0063662929895107
2024-06-18,1,Cryptophyta,0.002745025702930448,3.472832070079896
2024-06-19,1,Cryptophyta,0.9476101942958886,3.090860790398169
2024-06-20,1,Cryptophyta,2.764880160836878,2.4267635118408775
2024-06-21,1,Cryptophyta,3.074445027815206,2.1268230319172736
2024-06-22,1,Cryptophyta,2.9157791283390555,1.8460774309033834
2024-06-23,1,Cryptophyta,2.519238984848534,1.7848884350510783
2024-06-24,1,Cryptophyta,2.37023980745158,1.875905130012812
2024-06-25,1,Cryptophyta,2.1752261837474896,2.0398092005736044
2024-06-26,1,Cryptophyta,2.1232462811434787,2.2817595278778584
2024-06-27,1,Cryptophyta,2.128576557179473,2.497414911125187
2024-06-28,1,Cryptophyta,2.1339068332154674,2.6463906544626514
2024-06-29,1,Cryptophyta,2.1392371102318024,2.743023555494133
2024-06-30,1,Cryptophyta,2.144567387248137,2.869935331864725
2024-07-01,1,Cryptophyta,2.1498976632841313,2.946733983750284
2024-07-02,1,Cryptophyta,2.155227940055381,2.9281966074548045
2024-07-03,1,Cryptophyta,2.1605582163364603,3.020242581522078
2024-07-04,1,Cryptophyta,2.1658884923724546,2.9682182792964866
2024-07-05,1,Cryptophyta,2.1712187693887897,2.971553068308286
2024-07-06,1,Cryptophyta,2.176549045424784,2.907848001094178
2024-07-07,1,Cryptophyta,2.1818793214607783,2.928494317260095
2024-07-08,1,Cryptophyta,2.1872095994574536,2.784093830913437
2024-07-09,1,Cryptophyta,2.192539875493448,2.726034081960785
2024-07-10,1,Cryptophyta,2.1978701515294423,2.635169724071179
2024-07-11,1,Cryptophyta,2.203200427565436,2.6405798233526485
2024-07-12,1,Cryptophyta,2.2085307036014306,2.507894860947538
2024-07-13,1,Cryptophyta,2.213860979637425,2.3952197462800373
2024-07-14,1,Cryptophyta,2.2191912556734192,2.3633756828149677
2024-07-15,1,Cryptophyta,2.2245215317094136,2.3625388014160498
2024-07-16,1,Cryptophyta,2.229851807745408,2.4762667233612685
2024-07-17,1,Cryptophyta,2.2351820837814023,2.473681322318782
2024-07-18,1,Cryptophyta,2.2405123598173966,2.572348500487656
2024-07-19,1,Cryptophyta,2.2458426436961147,2.527002183685854
2024-07-20,1,Cryptophyta,2.251172919732109,2.463798109684653
2024-07-21,1,Cryptophyta,2.2565031957681034,2.409119939435538
2024-07-22,1,Cryptophyta,2.2618334718040978,2.2384005102963336
2024-07-23,1,Cryptophyta,2.267163747840092,2.0392834870944627
2024-07-24,1,Cryptophyta,2.2724940238760865,1.8001075234261799
2024-07-25,1,Cryptophyta,2.277824299912081,1.5882035817490237
2024-07-26,1,Cryptophyta,2.283154575948075,1.422235666981135
2024-07-27,1,Cryptophyta,2.2884848519840695,1.3005653399538417
2024-07-28,1,Cryptophyta,2.293815128020064,1.197269699754142
2024-07-29,1,Cryptophyta,2.299145404056058,1.130270374726174
2024-07-30,1,Cryptophyta,2.304475680092052,1.1764036618309808
2024-07-31,1,Cryptophyta,2.3098059561280464,1.1702266068783058
2024-08-01,1,Cryptophyta,2.3151362321640407,1.1212260198574258
2024-08-02,1,Cryptophyta,2.320466508200035,1.1714455544224953
2024-08-03,1,Cryptophyta,2.3257967842360294,1.0952549332478043
2024-08-04,1,Cryptophyta,2.3311270602720238,1.061292299047153
2024-08-05,1,Cryptophyta,2.336457336308018,1.1279075188215937
2024-08-06,1,Cryptophyta,2.3417876123440124,1.1304257234043402
2024-08-07,1,Cryptophyta,2.347117888380007,1.1927245588237225
2024-08-08,1,Cryptophyta,2.352448164416001,1.2052897321189557
2024-08-09,1,Cryptophyta,2.3577784404519955,1.1250202670155136
2024-08-10,1,Cryptophyta,2.36310871648799,1.1475603814454731
2024-08-11,1,Cryptophyta,2.368438992523984,1.30392572761697
2024-08-12,1,Cryptophyta,2.373769268559978,1.4186932653780389
2024-08-13,1,Cryptophyta,2.3790995445959724,1.5010659608488028
2024-08-14,1,Cryptophyta,1.8281220788457913,1.5198527357693674
2024-08-15,1,Cryptophyta,1.8398682521529617,1.3922293419885323
2024-08-16,1,Cryptophyta,1.8754122304911345,1.3291661860532287
2024-08-17,1,Cryptophyta,2.2829988037628097,1.2870173164794991
2024-08-18,1,Cryptophyta,2.6205041751601814,1.3334936129637627
2024-08-19,1,Cryptophyta,2.436184944882396,1.3425854006276214
2024-08-20,1,Cryptophyta,2.5350920476656915,1.399305988761703
2024-08-21,1,Cryptophyta,2.2556443704272677,1.4400372075344767
2024-08-22,1,Cryptophyta,2.1890338641299865,1.305341307938774
2024-08-23,1,Cryptophyta,3.221494974574466,1.1496076461339078
2024-08-24,1,Cryptophyta,3.6749600248462615,1.1444439966132771
2024-08-25,1,Cryptophyta,3.7192390410162846,1.3122066403548915
2024-08-26,1,Cryptophyta,3.299042951687545,1.5476683683359393
2024-08-27,1,Cryptophyta,2.6530120154187324,1.805886418963813
2024-08-28,1,Cryptophyta,1.6714567641644749,2.0357192513475857
2024-08-29,1,Cryptophyta,1.7424022656010072,2.290232618726128
2024-08-30,1,Cryptophyta,1.8133477670375395,2.7771515770597466
2024-08-31,1,Cryptophyta,1.9049246677788279,3.3320549222486266
2024-09-01,1,Cryptophyta,1.7898467934267333,3.732346554365665
2024-09-02,1,Cryptophyta,1.5588738015046708,3.6924849368365846
2024-09-03,1,Cryptophyta,1.5905511286562402,3.6371449191041063
2024-09-04,1,Cryptophyta,1.6161115702341176,3.292738405412562
2024-09-05,1,Cryptophyta,1.4786128065432127,3.082586465548457
2024-09-06,1,Cryptophyta,1.5527205884331359,2.6772604320032847
2024-09-07,1,Cryptophyta,1.4723501717856027,2.5726389322450194
2024-09-08,1,Cryptophyta,2.0862079403596456,2.355181761572312
2024-09-09,1,Cryptophyta,2.0419212932191133,2.509314770453023
2024-09-10,1,Cryptophyta,2.090546374533397,2.683839222653172
2024-09-11,1,Cryptophyta,2.3104298448269622,2.841096631630068
2024-09-12,1,Cryptophyta,3.094108305576636,2.690176331918449
2024-09-13,1,Cryptophyta,3.528574011734964,2.5727925241529963
2024-09-14,1,Cryptophyta,2.602287346682453,2.517588530626602
2024-09-15,1,Cryptophyta,2.2449440165306784,2.128129786600031
2024-09-16,1,Cryptophyta,2.502205968511209,1.7969083194279176
2024-09-17,1,Cryptophyta,2.5702763900494014,1.6549726443986112
2024-09-18,1,Cryptophyta,2.713775653288959,1.5491476943188973
2024-09-19,1,Cryptophyta,3.5114741126468623,1.4950094956212634
2024-09-20,1,Cryptophyta,3.980603906245704,1.5154448738808814
2024-09-21,1,Cryptophyta,3.0523735318332363,1.4297863907382413
2024-09-22,1,Cryptophyta,2.4727162280669432,1.195232724719673
2024-09-23,1,Cryptophyta,1.9942079795544276,0.9274173758059758
2024-09-24,1,Cryptophyta,2.9208920824913673,0.7337401130679668
2024-09-25,1,Cryptophyta,2.9024239103929865,0.691022991079798
2024-09-26,1,Cryptophyta,3.1288010660163104,0.9568229481356376
2024-09-27,1,Cryptophyta,2.221468453345824,1.4511314622469436
2024-09-28,1,Cryptophyta,2.7523314258912728,1.8032054621713884
2024-09-29,1,Cryptophyta,2.3162826815670265,2.048787080513226
2024-09-30,1,Cryptophyta,2.1363064577711186,2.317999940112495
2024-10-01,1,Cryptophyta,1.7694676004422758,2.2344562945687843
2024-10-02,1,Cryptophyta,1.6972041449130293,2.112235031861774
2024-10-03,1,Cryptophyta,1.6964924020192014,2.0549925418124437
2024-10-04,1,Cryptophyta,1.6063732283988117,2.0123330167897664
2024-10-05,1,Cryptophyta,1.7566255789877498,1.9990102206649585
2024-10-06,1,Cryptophyta,2.2538268191265294,1.9094487588378726
2024-10-07,1,Cryptophyta,3.699211358924164,1.943209113499587
2024-10-08,1,Cryptophyta,3.2300454260528566,2.199928152907114
2024-10-09,1,Cryptophyta,2.185511259523097,2.0617194344634666
2024-10-10,1,Cryptophyta,1.7381225224527537,1.6993905081553795
2024-10-11,1,Cryptophyta,2.1695930628826274,1.4885957786273756
2024-10-12,1,Cryptophyta,3.615094316139031,1.472329153285124
2024-10-13,1,Cryptophyta,4.451906071667175,1.7539092358243698
2024-10-14,1,Cryptophyta,6.824822748154279,2.075864806858508
2024-10-15,1,Cryptophyta,7.653709587874999,2.421330856885013
2024-10-16,1,Cryptophyta,6.336689093032911,2.6326421082195615
2024-10-17,1,Cryptophyta,4.187597737985618,2.5038917777332
2024-10-18,1,Cryptophyta,5.222602910474067,2.1321734794395484
2024-10-19,1,Cryptophyta,5.548097040176513,2.0300140460452134
2024-10-20,1,Cryptophyta,3.4983329696967154,2.0043866589747656
2024-10-21,1,Cryptophyta,1.4413168891337815,1.7222706831005494
2024-10-22,1,Cryptophyta,1.4861598285345627,1.2467079735193223
2024-10-23,1,Cryptophyta,2.089091415894091,0.9321818620428854
2024-10-24,1,Cryptophyta,1.4944832174659894,0.7775370213046173
2024-10-25,1,Cryptophyta,2.2311297482599715,0.615816788629028
2024-10-26,1,Cryptophyta,2.0667359544807455,0.6135349951203244
2024-10-27,1,Cryptophyta,3.0926907175174727,0.6292741502132451
2024-10-28,1,Cryptophyta,3.009489077484539,0.85396706515939
2024-10-29,1,Cryptophyta,3.9221535268931076,0.9986235380193424
2024-10-30,1,Cryptophyta,6.976555993270987,1.171375911032849
2024-10-31,1,Cryptophyta,5.319869754576708,1.6603151707695862
2024-11-01,1,Cryptophyta,4.104826506649058,1.7598820035007485
2024-11-02,1,Cryptophyta,3.215186914759105,1.7205312296459931
2024-11-03,1,Cryptophyta,3.5156130632128035,1.634670215997246
2024-11-04,1,Cryptophyta,7.386179588633475,1.6667867356961352
2024-11-05,1,Cryptophyta,3.8391403632047663,2.3724002583336383
2024-11-06,1,Cryptophyta,3.8090653359494047,2.5056512771904513
2024-11-07,1,Cryptophyta,1.380876779316449,2.657183685829449
2024-11-08,1,Cryptophyta,2.144749176199958,2.445820515661629
2024-11-09,1,Cryptophyta,3.730439078390863,2.461674990169117
2024-11-10,1,Cryptophyta,6.114696835802028,2.872368019384329
2024-11-11,1,Cryptophyta,3.0925097074461845,3.5778471491023525
2024-11-12,1,Cryptophyta,1.9874740284517511,3.5036152012051227
2024-11-13,1,Cryptophyta,3.9948277215667867,3.2113231496949552
2024-11-14,1,Cryptophyta,1.399502872506487,3.3667559018631152
2024-11-15,1,Cryptophyta,1.2018556228496702,2.9753523348097715
2024-11-16,1,Cryptophyta,0.6764183330783968,2.712365907953855
2024-11-17,1,Cryptophyta,1.9781494373669168,2.26571322033988
2024-11-18,1,Cryptophyta,1.0880618377078015,2.2282296736000546
2024-11-19,1,Cryptophyta,0.3114371543479417,2.0210043873877033
2024-11-20,1,Cryptophyta,0.04219555900771965,1.72017309949455
2024-11-21,1,Cryptophyta,0.010152823656780274,1.4179668409047719
2024-11-22,1,Cryptophyta,0.013523563715666764,1.1619996520819122
2024-11-23,1,Cryptophyta,0.032686663907492086,1.0083171449566142
2024-11-24,1,Cryptophyta,0.04026612340555147,0.8630966233823183
2024-11-25,1,Cryptophyta,0.9858058917511927,0.9111337474379635
2024-11-26,1,Cryptophyta,0.5376708822336695,1.0058805047040842
2024-11-27,1,Cryptophyta,0.6936988030452398,0.9559024005564554
2024-11-28,1,Cryptophyta,2.180165380387587,0.9253758833624486
2024-11-29,1,Cryptophyta,3.6666319302804,0.9321317940924909
2024-11-30,1,Cryptophyta,5.1530985566397725,1.2405494901372198
2024-12-01,1,Cryptophyta,6.63956530848273,1.7082920627044562
2024-12-02,1,Cryptophyta,5.564529115625519,2.3100582251901374
2024-12-03,1,Cryptophyta,4.489492922768308,2.660723013084714
2024-12-04,1,Cryptophyta,3.4144568553946835,2.8004074498582523
2024-12-05,1,Cryptophyta,2.3394207095938175,2.705931297943073
2024-12-06,1,Cryptophyta,1.2787135029873247,2.362381413629628
2024-12-07,1,Cryptophyta,1.5026243414902782,1.8411845749590716
2024-12-08,1,Cryptophyta,2.1466414000371463,1.5925041551723786
2024-12-09,1,Cryptophyta,2.6881830879133344,1.4309043239965473
2024-12-10,1,Cryptophyta,3.16724032711,1.4366295125598227
2024-12-11,1,Cryptophyta,3.626921144020427,1.51155011437125
2024-12-12,1,Cryptophyta,3.973618235071621,1.6938275071256501
2024-12-13,1,Cryptophyta,2.1050114947883354,1.938447732981405
2024-12-14,1,Cryptophyta,2.0482325371804424,1.858878136887565
2024-12-15,1,Cryptophyta,1.8027912408574733,1.7663471687644652
2024-12-16,1,Cryptophyta,1.8866856443920115,1.7002279228595332
2024-12-17,1,Cryptophyta,1.8694591323666963,1.683113467675577
2024-12-18,1,Cryptophyta,2.977040402736291,1.7555906531208871
2024-12-19,1,Cryptophyta,2.874582930142255,1.9651549376712305
2024-12-20,1,Cryptophyta,2.561168446373981,2.1912055222647258
2024-12-21,1,Cryptophyta,3.6951114337531417,2.2598441099473927
2024-12-22,1,Cryptophyta,3.2092366086444315,2.504043895209054
2024-12-23,1,Cryptophyta,2.656870227834248,2.599377225493016
2024-12-24,1,Cryptophyta,5.87497801445981,2.4649065061905033
2024-12-25,1,Cryptophyta,4.855693676460879,3.2068783956324944
2024-12-26,1,Cryptophyta,4.76283055328842,3.2944079645103024
2024-12-27,1,Cryptophyta,4.669967430115961,3.1517636836767915
2024-12-28,1,Cryptophyta,4.577104306943503,2.984632222367468
2024-12-29,1,Cryptophyta,4.484241183771044,2.854473119043786
2024-12-30,1,Cryptophyta,4.391378060598585,2.692365832250423
2024-12-31,1,Cryptophyta,4.298514937426127,2.6071687522496383
2025-01-01,1,Cryptophyta,4.2056518142536685,2.510484528431913
2025-01-02,1,Cryptophyta,4.11278869108121,2.447745873047286
2025-01-03,1,Cryptophyta,4.019925567908752,2.352923339381305
2025-01-04,1,Cryptophyta,3.9270624447362925,2.2748392493369813
2025-01-05,1,Cryptophyta,3.8341994470474194,2.206964770416686
2025-01-06,1,Cryptophyta,3.7413363238749606,2.136437741050509
2025-01-07,1,Cryptophyta,3.648473200702502,2.124629892561336
2025-01-08,1,Cryptophyta,3.5556100775300434,2.0371526503384523
2025-01-09,1,Cryptophyta,3.462746954357585,1.9632367642208113
2025-01-10,1,Cryptophyta,3.3698838311851267,1.849772546029362
2025-01-11,1,Cryptophyta,3.277020708012668,1.7960349536766762
2025-01-12,1,Cryptophyta,3.184157584840209,1.760672675569509
2025-01-13,1,Cryptophyta,3.0912944616677507,1.812470166215306
2025-01-14,1,Cryptophyta,2.9984314012370845,1.6987062461666553
2025-01-15,1,Cryptophyta,2.905568278064626,1.626875175700245
2025-01-16,1,Cryptophyta,2.351654025863206,1.5326766562167644
2025-01-17,1,Cryptophyta,2.4413867414128507,1.387728057571052
2025-01-18,1,Cryptophyta,3.198122527525543,1.2157640351799843
2025-01-19,1,Cryptophyta,3.975173102172718,1.250411307820115
2025-01-20,1,Cryptophyta,2.933089965333456,1.4863616688809524
2025-01-21,1,Cryptophyta,3.5161250362393934,1.525078248697378
2025-01-22,1,Cryptophyta,3.4399089418969577,1.6293904314187453
2025-01-23,1,Cryptophyta,3.7334368812352827,1.7014277341570183
2025-01-24,1,Cryptophyta,4.019350225671762,1.8947553525710163
2025-01-25,1,Cryptophyta,4.010972063155506,2.0302927137164875
2025-01-26,1,Cryptophyta,4.147743022053709,2.049466542754826
2025-01-27,1,Cryptophyta,3.371661808100262,1.9139252916182214
2025-01-28,1,Cryptophyta,3.0526817822596626,1.756510886991107
2025-01-29,1,Cryptophyta,2.662641406131407,1.7237107327214183
2025-01-30,1,Cryptophyta,2.1321579959415744,1.545521532422848
2025-01-31,1,Cryptophyta,2.038503998750211,1.4914112538228652
2025-02-01,1,Cryptophyta,1.8545293463966934,1.50971039953232
2025-02-02,1,Cryptophyta,2.240422591997814,1.552792176818349
2025-02-03,1,Cryptophyta,2.1188428288265952,1.6252830399744185
2025-02-04,1,Cryptophyta,1.4899597224539733,1.6321341927454367
2025-02-05,1,Cryptophyta,1.3669201812895144,1.495424971771028
2025-02-06,1,Cryptophyta,1.4244425467896242,1.3014692609580183
2025-02-07,1,Cryptophyta,1.44331251732701,1.2292096013072165
2025-02-08,1,Cryptophyta,0.7937595391667596,1.225429722019605
2025-02-09,1,Cryptophyta,0.8798130446348178,1.069902982646319
2025-02-10,1,Cryptophyta,1.2924956160893886,0.8477277703485806
2025-02-11,1,Cryptophyta,1.5791788023195275,0.9277087486902262
2025-02-12,1,Cryptophyta,4.214344564117392,1.0294701638385528
2025-02-13,1,Cryptophyta,2.4471376854819367,1.5539640680181832
2025-02-14,1,Cryptophyta,2.623736663679351,1.5647915446290495
2025-02-15,1,Cryptophyta,3.594916179228557,1.7740766438883304
2025-02-16,1,Cryptophyta,4.394880809388837,1.9213787969678888
2025-02-17,1,Cryptophyta,3.4757353837848495,2.01461906105491
2025-02-18,1,Cryptophyta,3.316193922594721,1.7651914649470895
2025-02-19,1,Cryptophyta,2.7053397055818333,1.7978888481607054
2025-02-20,1,Cryptophyta,4.558409511490705,1.7218792370573026
2025-02-21,1,Cryptophyta,3.2331949385514793,2.1822278619213775
2025-02-22,1,Cryptophyta,2.526053998347087,2.1760912754248487
2025-02-23,1,Cryptophyta,3.7129674969241435,2.040880234342036
2025-02-24,1,Cryptophyta,2.914795964450984,2.3074325282314345
2025-02-25,1,Cryptophyta,2.2477191644390553,2.252519766420258
2025-02-26,1,Cryptophyta,5.62193183252738,2.076586996260783
2025-02-27,1,Cryptophyta,4.046911440269851,2.5634362798338586
2025-02-28,1,Cryptophyta,3.6094032591108616,2.5386476877869995
2025-03-01,1,Cryptophyta,3.789059488001065,2.3101742818207667
2025-03-02,1,Cryptophyta,6.238916048148587,2.2520998199177793
2025-03-03,1,Cryptophyta,6.8962560356564016,2.4399528404876443
2025-03-04,1,Cryptophyta,5.795157655106898,2.579191120374898
2025-03-05,1,Cryptophyta,4.694059023590224,2.4237119706512034
2025-03-06,1,Cryptophyta,1.838895503402441,2.173055796134048
2025-03-07,1,Cryptophyta,1.193604261496004,1.7008167545819042
2025-03-08,1,Cryptophyta,1.1713689466938844,1.340034256603826
2025-03-09,1,Cryptophyta,2.0860701907542682,1.0881942228899222
2025-03-10,1,Cryptophyta,2.912219033550482,0.9772321003260016
2025-03-11,1,Cryptophyta,4.713057740285767,1.0517737417108843
2025-03-12,1,Cryptophyta,5.039052800459327,1.4390189082426197
2025-03-13,1,Cryptophyta,5.365047860632887,1.709499089308076
2025-03-14,1,Cryptophyta,5.691043171773617,1.693259693903758
2025-03-15,1,Cryptophyta,6.017038231947177,1.725941203443878
2025-03-16,1,Cryptophyta,3.572055454239054,1.9511975240009936
2025-03-17,1,Cryptophyta,4.756378438317538,1.6933718134869096
2025-03-18,1,Cryptophyta,3.142535683581471,1.7777231968669338
2025-03-19,1,Cryptophyta,2.8493594119899646,1.591158343723806
2025-03-20,1,Cryptophyta,3.3505882203275954,1.477912733622785
2025-03-21,1,Cryptophyta,2.469782014029196,1.450444000426803
2025-03-22,1,Cryptophyta,2.741053965144781,1.4329440596698853
2025-03-23,1,Cryptophyta,3.248989933839702,1.4144741308013153
2025-03-24,1,Cryptophyta,3.7634737614808205,1.4652312370443044
2025-03-25,1,Cryptophyta,4.127834298400121,1.5870320669999445
2025-03-26,1,Cryptophyta,2.814375968825757,1.7576494622991372
2025-03-27,1,Cryptophyta,2.1700099252338694,1.6080154320750326
2025-03-28,1,Cryptophyta,2.443353382897956,1.3472715851075232
2025-03-29,1,Cryptophyta,1.5768786254656288,1.0726094126064882
2025-03-30,1,Cryptophyta,1.4370803123387503,0.7555043624921896
2025-03-31,1,Cryptophyta,1.7790059214431737,0.3649176308350681
2025-04-01,1,Cryptophyta,1.7774889503847313,0.26100617994223385
2025-04-02,1,Cryptophyta,2.6596235572842915,0.22425203791081794
2025-04-03,1,Cryptophyta,4.080779208880282,0.2698713442516756
2025-04-04,1,Cryptophyta,5.067485373071298,0.4685503826857318
2025-04-05,1,Cryptophyta,5.851936718591565,0.8976376114259974
2025-04-06,1,Cryptophyta,6.636388064111834,1.6599274892338878
2025-04-07,1,Cryptophyta,7.420839158664931,2.2565918656063175
2025-04-08,1,Cryptophyta,6.251793926537513,2.8039787126858866
2025-04-09,1,Cryptophyta,6.827467440190654,3.116708652127371
2025-04-10,1,Cryptophyta,5.978967014208142,3.362892387766136
2025-04-11,1,Cryptophyta,5.198224210557442,3.4426653143239365
2025-04-12,1,Cryptophyta,4.4174814069067425,3.432401635460244
2025-04-13,1,Cryptophyta,3.636738603256043,3.3900174214229435
2025-04-14,1,Cryptophyta,2.8559957996053433,3.400498814306522
2025-04-15,1,Cryptophyta,2.0752530037973678,3.364875530342662
2025-04-16,1,Cryptophyta,1.2945101923039442,3.225450342655628
2025-04-17,1,Cryptophyta,1.639144615556651,2.9570740821172103
2025-04-18,1,Cryptophyta,1.9837790544948057,2.643765726090906
2025-04-19,1,Cryptophyta,2.3284134620620645,2.6321576788398677
2025-04-20,1,Cryptophyta,2.673047885314771,2.583088326814436
2025-04-21,1,Cryptophyta,3.017682339938374,2.5589760912904493
2025-04-22,1,Cryptophyta,3.362316794561977,2.6148399402482947
2025-04-23,1,Cryptophyta,3.7069511864437876,2.8033125830751873
2025-04-24,1,Cryptophyta,4.051585578325598,2.972589499978168
2025-04-25,1,Cryptophyta,4.396219970207408,3.1264872114516526
2025-04-26,1,Cryptophyta,4.740854362089219,3.3020046152594995
2025-04-27,1,Cryptophyta,5.085488753971029,3.5348489438838993
2025-04-28,1,Cryptophyta,5.43012339682001,3.7959239420320876
2025-04-29,1,Cryptophyta,3.3953546147415583,4.155498660505037
2025-04-30,1,Cryptophyta,3.126554909845732,3.8906404577542357
2025-05-01,1,Cryptophyta,1.7381730609665917,4.400398573586194
2025-05-02,1,Cryptophyta,3.1696154804059047,4.311242235513114
2025-05-03,1,Cryptophyta,4.633743581714538,4.088932630295895
2025-05-04,1,Cryptophyta,4.111199190510668,4.22217988464516
2025-05-05,1,Cryptophyta,3.5886547993067968,4.10801278583807
2025-05-06,1,Cryptophyta,3.798474646863336,3.4792023697533914
2025-05-07,1,Cryptophyta,2.294442404775773,3.1185913450941456
2025-05-08,1,Cryptophyta,0.027812379533752818,2.158746918627819
2025-05-09,1,Cryptophyta,0.0121758700133201,1.0428408162655705
2025-05-10,1,Cryptophyta,0.009999984650312932,0.6060295709373846
2025-05-11,1,Cryptophyta,0.06642355313882131,0.45055227209656823
2025-05-12,1,Cryptophyta,0.05511572536477205,0.38473299470145594
2025-05-13,1,Cryptophyta,0.032951434271733415,0.33896084935413096
2025-05-14,1,Cryptophyta,0.06215271932509925,0.29782733020801233
2025-05-15,1,Cryptophyta,0.039479090360754476,0.27995796577700593
2025-05-16,1,Cryptophyta,0.03572913890815377,0.4050721270514186
2025-05-17,1,Cryptophyta,0.027303167146031537,0.5559049019625362
2025-05-18,1,Cryptophyta,0.013888971915037018,0.5993212184860379
2025-05-19,1,Cryptophyta,0.009999984650312932,0.45064600833452495
2025-05-20,1,Cryptophyta,0.0161552054592069,0.2900184867166671
2024-06-17,1,Algae_Sum,8.33401818856207,6.644855909549728
2024-06-18,1,Algae_Sum,7.913764466294431,8.230765286988849
2024-06-19,1,Algae_Sum,6.750143916094274,7.9611181966928415
2024-06-20,1,Algae_Sum,8.403301156137719,7.003845789991841
2024-06-21,1,Algae_Sum,5.948835463151714,6.723053276326703
2024-06-22,1,Algae_Sum,5.271959337556845,5.929513557431111
2024-06-23,1,Algae_Sum,4.3765379999404255,5.55992176650291
2024-06-24,1,Algae_Sum,4.1609138476789225,5.546498649892103
2024-06-25,1,Algae_Sum,3.9041987880573013,5.712506909617648
2024-06-26,1,Algae_Sum,3.8492850464991255,6.053543288255176
2024-06-27,1,Algae_Sum,3.9262187117303595,6.358355677236325
2024-06-28,1,Algae_Sum,4.00315146782379,6.6172637287610065
2024-06-29,1,Algae_Sum,4.08008483000909,6.680349103935708
2024-06-30,1,Algae_Sum,4.157017889148455,6.873715896034684
2024-07-01,1,Algae_Sum,4.233950948287821,6.814049030521069
2024-07-02,1,Algae_Sum,4.310884007427186,6.788033446205182
2024-07-03,1,Algae_Sum,4.3878170665665515,7.028003854253862
2024-07-04,1,Algae_Sum,4.4647504287518505,7.012244253490138
2024-07-05,1,Algae_Sum,4.541683487891216,7.01988298083132
2024-07-06,1,Algae_Sum,4.618616547030581,7.011303295864353
2024-07-07,1,Algae_Sum,4.695549606169947,7.19171608645871
2024-07-08,1,Algae_Sum,4.772482968355246,6.99697285972646
2024-07-09,1,Algae_Sum,4.849416027494612,7.052052215887692
2024-07-10,1,Algae_Sum,4.9263490866339765,6.941439692278717
2024-07-11,1,Algae_Sum,5.003282145773342,7.012448354926843
2024-07-12,1,Algae_Sum,5.080215204912708,6.971840957354789
2024-07-13,1,Algae_Sum,5.157148567098007,7.021918843417481
2024-07-14,1,Algae_Sum,5.234081626237373,6.974664739369949
2024-07-15,1,Algae_Sum,5.311014685376738,7.038825927611168
2024-07-16,1,Algae_Sum,5.387947744516103,7.2145451427761635
2024-07-17,1,Algae_Sum,5.4648811067014025,7.224475048903095
2024-07-18,1,Algae_Sum,5.541814165840767,7.483914642996416
2024-07-19,1,Algae_Sum,5.618747224980133,7.504032953432177
2024-07-20,1,Algae_Sum,5.695680284119499,7.289895089955109
2024-07-21,1,Algae_Sum,5.772613646304798,7.350798231357416
2024-07-22,1,Algae_Sum,5.849546705444164,7.302007835946302
2024-07-23,1,Algae_Sum,5.926479764583529,7.204068390260913
2024-07-24,1,Algae_Sum,6.003412823722894,6.966248396161531
2024-07-25,1,Algae_Sum,6.080345882862259,6.7412783072883595
2024-07-26,1,Algae_Sum,6.157279245047559,6.499981770231486
2024-07-27,1,Algae_Sum,6.234212304186924,6.074501035928755
2024-07-28,1,Algae_Sum,6.31114536332629,5.838040354367365
2024-07-29,1,Algae_Sum,6.3880784224656555,5.878746393391011
2024-07-30,1,Algae_Sum,6.4650117846509545,5.960409090425912
2024-07-31,1,Algae_Sum,6.54194484379032,6.052467172142723
2024-08-01,1,Algae_Sum,6.618877902929685,5.951645002007965
2024-08-02,1,Algae_Sum,6.6958111135920175,5.8613042816004395
2024-08-03,1,Algae_Sum,6.772744172731382,5.868951039658878
2024-08-04,1,Algae_Sum,6.849677231870748,5.880383447527724
2024-08-05,1,Algae_Sum,6.926610442533081,5.969194089013321
2024-08-06,1,Algae_Sum,7.003543501672446,5.954032397877834
2024-08-07,1,Algae_Sum,7.080476712334779,6.195762442143624
2024-08-08,1,Algae_Sum,7.157409771474144,6.330283017118881
2024-08-09,1,Algae_Sum,7.234342982136476,6.138269779685147
2024-08-10,1,Algae_Sum,7.311276041275842,6.008737946879193
2024-08-11,1,Algae_Sum,7.388209251938174,6.174255575237218
2024-08-12,1,Algae_Sum,7.465142311077539,6.513316397429497
2024-08-13,1,Algae_Sum,7.542075521739871,6.734968436368779
2024-08-14,1,Algae_Sum,6.030008741002833,7.0222628005528325
2024-08-15,1,Algae_Sum,5.066361156983425,6.494653616615844
2024-08-16,1,Algae_Sum,3.7128452816223865,5.802868237148703
2024-08-17,1,Algae_Sum,4.3647146628164215,5.149525446622438
2024-08-18,1,Algae_Sum,4.896292081739191,4.992631899460745
2024-08-19,1,Algae_Sum,4.658422236583629,4.900733825997208
2024-08-20,1,Algae_Sum,5.046383459861146,4.959152899876628
2024-08-21,1,Algae_Sum,8.584390307376538,5.152392261160259
2024-08-22,1,Algae_Sum,8.26416708562122,5.780196764717049
2024-08-23,1,Algae_Sum,8.362469731858786,5.910690162272315
2024-08-24,1,Algae_Sum,6.737632664699566,5.539978919663068
2024-08-25,1,Algae_Sum,5.910328325426844,5.379156078918141
2024-08-26,1,Algae_Sum,4.631233561456335,5.443488791158136
2024-08-27,1,Algae_Sum,3.6604134862655586,5.623749604216476
2024-08-28,1,Algae_Sum,2.90789406502741,5.843559729967506
2024-08-29,1,Algae_Sum,5.245232504433319,6.221129508160258
2024-08-30,1,Algae_Sum,7.582571398408129,7.402689544290544
2024-08-31,1,Algae_Sum,9.544788973815802,9.081882559085246
2024-09-01,1,Algae_Sum,7.580782518258366,10.528460014893557
2024-09-02,1,Algae_Sum,6.2316442929402545,10.698514846978883
2024-09-03,1,Algae_Sum,5.825473342520759,10.525096508069533
2024-09-04,1,Algae_Sum,5.104242807900043,9.53254231940242
2024-09-05,1,Algae_Sum,5.043535434171248,9.269191766004887
2024-09-06,1,Algae_Sum,5.456685229410138,8.288527357282858
2024-09-07,1,Algae_Sum,4.896573914458026,7.6662240465701545
2024-09-08,1,Algae_Sum,7.90042983909642,7.335964284399799
2024-09-09,1,Algae_Sum,7.464414243220551,8.232799558583855
2024-09-10,1,Algae_Sum,7.414410603411745,8.740726477303697
2024-09-11,1,Algae_Sum,6.464055371682523,9.245673052902609
2024-09-12,1,Algae_Sum,8.385276817346007,8.960916319610318
2024-09-13,1,Algae_Sum,11.166549291366263,9.036101030993622
2024-09-14,1,Algae_Sum,8.107886373100024,9.546252041705525
2024-09-15,1,Algae_Sum,7.268069418725892,8.411561885258909
2024-09-16,1,Algae_Sum,7.995469817044575,7.447594133209987
2024-09-17,1,Algae_Sum,9.405324204423573,7.003843365624367
2024-09-18,1,Algae_Sum,9.488955525727977,7.17083394874572
2024-09-19,1,Algae_Sum,12.67792012711534,7.070576353186434
2024-09-20,1,Algae_Sum,13.613369893046467,7.681431043072809
2024-09-21,1,Algae_Sum,10.697009617823559,7.827966177156569
2024-09-22,1,Algae_Sum,8.057095192669637,7.267568180750675
2024-09-23,1,Algae_Sum,5.866036949955317,6.405972981836033
2024-09-24,1,Algae_Sum,4.472671443380768,5.196561812166226
2024-09-25,1,Algae_Sum,4.073182655811055,4.657747959379966
2024-09-26,1,Algae_Sum,4.559448646647677,4.848748417301501
2024-09-27,1,Algae_Sum,4.608616334246909,5.727122815025586
2024-09-28,1,Algae_Sum,5.380564030328577,6.470935120481425
2024-09-29,1,Algae_Sum,6.899644506167446,6.969288856019666
2024-09-30,1,Algae_Sum,5.509040960237474,7.732993248121363
2024-10-01,1,Algae_Sum,5.221797659293339,7.4459457148507395
2024-10-02,1,Algae_Sum,5.227900095270938,7.045489604658964
2024-10-03,1,Algae_Sum,5.183739938688932,6.78694096561228
2024-10-04,1,Algae_Sum,5.353279289640131,6.645181380883091
2024-10-05,1,Algae_Sum,5.3634025390731015,6.49358810711109
2024-10-06,1,Algae_Sum,6.999476625235072,6.330231196264128
2024-10-07,1,Algae_Sum,10.255469191520733,6.742420790460409
2024-10-08,1,Algae_Sum,8.882324860536245,7.7905397012331665
2024-10-09,1,Algae_Sum,6.293072612946585,7.559570060477066
2024-10-10,1,Algae_Sum,5.651690136306597,6.421906227920071
2024-10-11,1,Algae_Sum,6.443424913617912,5.65815531826747
2024-10-12,1,Algae_Sum,9.530085298729162,5.389259024273519
2024-10-13,1,Algae_Sum,12.873646283335267,6.302974941893501
2024-10-14,1,Algae_Sum,16.546678163664183,7.721148697781963
2024-10-15,1,Algae_Sum,17.276083059314836,8.965119320493272
2024-10-16,1,Algae_Sum,15.859581510891456,9.536605028958197
2024-10-17,1,Algae_Sum,11.882814266831645,9.218659348921591
2024-10-18,1,Algae_Sum,13.631092625372137,8.095474217725812
2024-10-19,1,Algae_Sum,13.761331767388583,7.98516610375777
2024-10-20,1,Algae_Sum,11.130395002274758,8.052625492424188
2024-10-21,1,Algae_Sum,7.823056908783519,7.377472031442452
2024-10-22,1,Algae_Sum,8.683804867027536,6.042775157074162
2024-10-23,1,Algae_Sum,10.156032926204695,5.611985664095582
2024-10-24,1,Algae_Sum,7.808797158109785,5.741746902673748
2024-10-25,1,Algae_Sum,7.17631135248397,5.311088931630625
2024-10-26,1,Algae_Sum,6.492380166017247,5.072762699298111
2024-10-27,1,Algae_Sum,9.132720181305054,4.756813069188055
2024-10-28,1,Algae_Sum,9.067790372097111,5.454092671442796
2024-10-29,1,Algae_Sum,10.544216888243874,5.768137657856213
2024-10-30,1,Algae_Sum,14.867734593554095,6.461104007329052
2024-10-31,1,Algae_Sum,12.235050617106463,7.840344694432083
2024-11-01,1,Algae_Sum,8.901139391601465,7.849934279974875
2024-11-02,1,Algae_Sum,6.864263590300099,7.049965290061614
2024-11-03,1,Algae_Sum,7.340061162384662,6.1475651076258
2024-11-04,1,Algae_Sum,12.951401809140133,5.908285189738263
2024-11-05,1,Algae_Sum,8.185223922800104,7.114091628020398
2024-11-06,1,Algae_Sum,8.096506467939284,6.71785861444509
2024-11-07,1,Algae_Sum,4.057987023530934,6.6505236261346745
2024-11-08,1,Algae_Sum,5.203767941436293,5.708092136447778
2024-11-09,1,Algae_Sum,6.840722830606104,5.576933553066874
2024-11-10,1,Algae_Sum,9.843153605977296,6.266971569677244
2024-11-11,1,Algae_Sum,6.084977636921039,7.86199596272615
2024-11-12,1,Algae_Sum,4.106934699781914,7.5440803221177735
2024-11-13,1,Algae_Sum,6.850841534350062,6.633295464773669
2024-11-14,1,Algae_Sum,3.568808155174489,6.98896896203453
2024-11-15,1,Algae_Sum,3.6863651278893235,6.144488585301492
2024-11-16,1,Algae_Sum,3.481023021130328,5.738474915721861
2024-11-17,1,Algae_Sum,4.712573514571281,5.051551908269448
2024-11-18,1,Algae_Sum,4.602736333985034,5.138425480143443
2024-11-19,1,Algae_Sum,3.3688632965041387,5.066168722815188
2024-11-20,1,Algae_Sum,2.4608619160659417,4.631625399849295
2024-11-21,1,Algae_Sum,2.586251413996899,4.015714540073251
2024-11-22,1,Algae_Sum,3.0066446131557667,3.5861284424994997
2024-11-23,1,Algae_Sum,3.340804879545604,3.454727725417146
2024-11-24,1,Algae_Sum,4.869706771066951,3.4390438861369796
2024-11-25,1,Algae_Sum,5.839432244343286,4.131025639369503
2024-11-26,1,Algae_Sum,5.42265377708792,4.649885432616355
2024-11-27,1,Algae_Sum,5.555403351623533,4.542489590076269
2024-11-28,1,Algae_Sum,6.992422170455088,4.423543757844856
2024-11-29,1,Algae_Sum,8.429440837763675,4.358213721435309
2024-11-30,1,Algae_Sum,9.866459580833745,4.682417110610067
2024-12-01,1,Algae_Sum,11.303478323903816,5.274862820652707
2024-12-02,1,Algae_Sum,11.056015105131285,6.052883254210421
2024-12-03,1,Algae_Sum,10.808551886358753,6.322574437689859
2024-12-04,1,Algae_Sum,10.561088516063256,6.47936252486644
2024-12-05,1,Algae_Sum,10.313625373052208,6.6391153104175995
2024-12-06,1,Algae_Sum,8.547180774461301,6.327224071458758
2024-12-07,1,Algae_Sum,9.184441551760376,5.636075391499435
2024-12-08,1,Algae_Sum,8.487532584153383,5.663108604062468
2024-12-09,1,Algae_Sum,6.830234259299419,5.410120403340013
2024-12-10,1,Algae_Sum,8.113118006585614,5.02025908205487
2024-12-11,1,Algae_Sum,8.69375038002008,4.935351672202163
2024-12-12,1,Algae_Sum,8.805641037737415,5.2223661734659546
2024-12-13,1,Algae_Sum,5.164088925083755,5.4826026268433345
2024-12-14,1,Algae_Sum,4.905688627021877,5.02742096661854
2024-12-15,1,Algae_Sum,4.403519391648706,4.561769069366081
2024-12-16,1,Algae_Sum,4.512338337895938,4.204053648600374
2024-12-17,1,Algae_Sum,4.354622021022808,4.025678387344816
2024-12-18,1,Algae_Sum,6.351310768403269,4.11930836832248
2024-12-19,1,Algae_Sum,6.143825217751461,4.335462244877018
2024-12-20,1,Algae_Sum,5.623262912446102,4.781744052105331
2024-12-21,1,Algae_Sum,7.992970748747943,4.9378078594991015
2024-12-22,1,Algae_Sum,7.258184211874259,5.727394950274525
2024-12-23,1,Algae_Sum,7.198567500462761,6.072187280220906
2024-12-24,1,Algae_Sum,15.995769747642782,5.905847488243312
2024-12-25,1,Algae_Sum,13.260200767386086,8.392659243588314
2024-12-26,1,Algae_Sum,13.108289901475011,8.792241066259834
2024-12-27,1,Algae_Sum,12.956379035563936,8.449695291585389
2024-12-28,1,Algae_Sum,12.80446816965286,8.067919008541065
2024-12-29,1,Algae_Sum,12.652557303741785,7.944492642172054
2024-12-30,1,Algae_Sum,12.50064643783071,7.625769687194887
2024-12-31,1,Algae_Sum,12.348735571919635,7.546632878021797
2025-01-01,1,Algae_Sum,12.19682470600856,7.460032199011577
2025-01-02,1,Algae_Sum,12.044913840097484,7.472648758868429
2025-01-03,1,Algae_Sum,11.893002974186409,7.2650447172563375
2025-01-04,1,Algae_Sum,11.741092108275334,7.22775082392916
2025-01-05,1,Algae_Sum,11.589181393887225,7.171160026170952
2025-01-06,1,Algae_Sum,11.43727052797615,7.01715480980841
2025-01-07,1,Algae_Sum,11.285359662065074,7.150295313599181
2025-01-08,1,Algae_Sum,11.133448947676966,7.06883429363351
2025-01-09,1,Algae_Sum,10.98153808176589,6.875352495602495
2025-01-10,1,Algae_Sum,10.829627215854815,6.6524353914107675
2025-01-11,1,Algae_Sum,10.67771634994374,6.638348301158062
2025-01-12,1,Algae_Sum,10.525805484032665,6.618930481399274
2025-01-13,1,Algae_Sum,10.37389461812159,6.867584367647397
2025-01-14,1,Algae_Sum,10.221983827971998,6.733494875513583
2025-01-15,1,Algae_Sum,10.070072962060923,6.71791589012666
2025-01-16,1,Algae_Sum,8.880791126122734,6.648640498699367
2025-01-17,1,Algae_Sum,7.853082321139661,6.297420716010924
2025-01-18,1,Algae_Sum,8.95793808834074,5.643453044768277
2025-01-19,1,Algae_Sum,10.952053227594932,5.447722645905271
2025-01-20,1,Algae_Sum,9.058109423532128,6.127214664004418
2025-01-21,1,Algae_Sum,10.079415943974732,5.985594631927942
2025-01-22,1,Algae_Sum,10.042264936805545,6.254026356504719
2025-01-23,1,Algae_Sum,10.62317838534401,6.272372757363034
2025-01-24,1,Algae_Sum,11.208322203601366,6.660195640171576
2025-01-25,1,Algae_Sum,10.684658526205093,6.935341195898262
2025-01-26,1,Algae_Sum,10.09868383175756,6.735253754115856
2025-01-27,1,Algae_Sum,7.946145757743281,5.900788439417267
2025-01-28,1,Algae_Sum,7.584718327329185,4.905144356523999
2025-01-29,1,Algae_Sum,6.557190630172556,4.497183919862872
2025-01-30,1,Algae_Sum,5.690353039641661,3.8930479098613553
2025-01-31,1,Algae_Sum,5.944580698235118,3.872361994390779
2025-02-01,1,Algae_Sum,5.574360693085257,4.028438529713788
2025-02-02,1,Algae_Sum,6.4367382050791155,4.111732523012652
2025-02-03,1,Algae_Sum,6.024538155798104,4.415036349333202
2025-02-04,1,Algae_Sum,5.095282345716715,4.470298290669809
2025-02-05,1,Algae_Sum,4.76265155215694,4.129419798964016
2025-02-06,1,Algae_Sum,4.864905311285002,3.635447350019912
2025-02-07,1,Algae_Sum,5.065972046003873,3.6079671447038884
2025-02-08,1,Algae_Sum,3.790737784189526,3.6452393702467685
2025-02-09,1,Algae_Sum,3.9458433603392598,3.306021873306493
2025-02-10,1,Algae_Sum,4.829207712416384,2.7090759311405286
2025-02-11,1,Algae_Sum,5.439326758297414,3.129590954764958
2025-02-12,1,Algae_Sum,10.912332996995339,3.542860756193803
2025-02-13,1,Algae_Sum,7.710190859846121,5.131209350357546
2025-02-14,1,Algae_Sum,7.988336721844657,5.100521706873627
2025-02-15,1,Algae_Sum,9.67375505774329,5.622171644036938
2025-02-16,1,Algae_Sum,11.146990858293991,5.700138998949832
2025-02-17,1,Algae_Sum,9.315727082977165,6.461400689298664
2025-02-18,1,Algae_Sum,8.710202819550938,5.929160811963666
2025-02-19,1,Algae_Sum,7.382076965936053,5.382800206277263
2025-02-20,1,Algae_Sum,10.738416450570114,4.8224346357863315
2025-02-21,1,Algae_Sum,8.015824654832004,5.74585802381752
2025-02-22,1,Algae_Sum,6.399527800906818,5.4376854615176216
2025-02-23,1,Algae_Sum,8.630070769649095,4.908773634632344
2025-02-24,1,Algae_Sum,6.871423505065196,5.336697828302775
2025-02-25,1,Algae_Sum,5.663680754786295,4.954952380182259
2025-02-26,1,Algae_Sum,13.83852271861798,4.365767141346004
2025-02-27,1,Algae_Sum,13.231184119183514,6.224346037706182
2025-02-28,1,Algae_Sum,12.160495862458939,6.710169733001794
2025-03-01,1,Algae_Sum,12.796747468386469,6.455444018415429
2025-03-02,1,Algae_Sum,17.096139838395565,6.6107909706517765
2025-03-03,1,Algae_Sum,17.715811801261346,7.302062384214464
2025-03-04,1,Algae_Sum,15.733644712003278,7.916251640038144
2025-03-05,1,Algae_Sum,13.751477016653341,7.40356322571893
2025-03-06,1,Algae_Sum,8.289966825470453,6.745357608609037
2025-03-07,1,Algae_Sum,6.912579870347109,5.422498920615528
2025-03-08,1,Algae_Sum,7.210229768672721,4.549411462260029
2025-03-09,1,Algae_Sum,8.717435465340252,4.3033714987176115
2025-03-10,1,Algae_Sum,9.924476588519925,4.411863458401808
2025-03-11,1,Algae_Sum,13.223330077706063,4.737460555828093
2025-03-12,1,Algae_Sum,13.991316963427337,5.778454856687091
2025-03-13,1,Algae_Sum,13.675664621378761,6.683991716065159
2025-03-14,1,Algae_Sum,14.016108848260801,6.95508357785261
2025-03-15,1,Algae_Sum,14.404500396764927,6.988636975213581
2025-03-16,1,Algae_Sum,10.409849806034304,7.214277553216238
2025-03-17,1,Algae_Sum,12.491217466633062,6.095489694287627
2025-03-18,1,Algae_Sum,9.507880138228806,6.113253943906286
2025-03-19,1,Algae_Sum,9.034652776841481,5.3959005789681145
2025-03-20,1,Algae_Sum,9.776876626784762,5.021300953976755
2025-03-21,1,Algae_Sum,7.979215418031736,4.885742749722692
2025-03-22,1,Algae_Sum,8.096413357075992,4.574599428129533
2025-03-23,1,Algae_Sum,8.787689183745096,4.4993034231268805
2025-03-24,1,Algae_Sum,9.588404064404353,4.730587777085679
2025-03-25,1,Algae_Sum,11.115825008325857,5.126560928772384
2025-03-26,1,Algae_Sum,9.927418709972402,5.685478545789563
2025-03-27,1,Algae_Sum,10.67743330504117,5.740083786586691
2025-03-28,1,Algae_Sum,10.999127473880499,5.842701503881765
2025-03-29,1,Algae_Sum,9.89640264045726,5.910127709018385
2025-03-30,1,Algae_Sum,7.089252771067127,5.653696906483071
2025-03-31,1,Algae_Sum,6.951297776519236,4.627289721668259
2025-04-01,1,Algae_Sum,6.916277182267688,4.502243574780785
2025-04-02,1,Algae_Sum,8.277671494303885,4.55021604921541
2025-04-03,1,Algae_Sum,10.078181865169062,4.8934592083460045
2025-04-04,1,Algae_Sum,11.069074566621016,5.633271307469999
2025-04-05,1,Algae_Sum,12.87717949588246,6.174948338242869
2025-04-06,1,Algae_Sum,12.920202018027364,7.467316362609709
2025-04-07,1,Algae_Sum,12.575124521856875,8.258182307227585
2025-04-08,1,Algae_Sum,12.403567794121502,8.891689680697692
2025-04-09,1,Algae_Sum,12.153870672244791,8.974177685453729
2025-04-10,1,Algae_Sum,10.480000394119656,9.344714108439668
2025-04-11,1,Algae_Sum,8.873887323052804,8.619829748989932
2025-04-12,1,Algae_Sum,7.267774251985951,7.943853821342696
2025-04-13,1,Algae_Sum,4.953802320861854,7.0081532849009935
2025-04-14,1,Algae_Sum,3.5517357594236785,6.155044887374477
2025-04-15,1,Algae_Sum,2.1419024337371084,5.712743285446348
2025-04-16,1,Algae_Sum,1.3245099693582318,5.23389161643661
2025-04-17,1,Algae_Sum,1.6691447154188115,4.715276381258683
2025-04-18,1,Algae_Sum,2.0137788553875238,4.301494129155053
2025-04-19,1,Algae_Sum,2.4217580808965726,4.433977932406346
2025-04-20,1,Algae_Sum,3.14916347947317,4.558598905848095
2025-04-21,1,Algae_Sum,3.564776432065486,4.715909141169356
2025-04-22,1,Algae_Sum,4.1872470241338835,4.928364948188478
2025-04-23,1,Algae_Sum,3.7442875094825405,5.594418091288238
2025-04-24,1,Algae_Sum,4.636613535926729,5.9925398386486375
2025-04-25,1,Algae_Sum,6.26684883607388,6.344423140410077
2025-04-26,1,Algae_Sum,6.416613530678735,6.968306229577924
2025-04-27,1,Algae_Sum,7.085304082544104,7.309537618274128
2025-04-28,1,Algae_Sum,9.361518289598314,7.720623519177941
2025-04-29,1,Algae_Sum,6.692624888639518,8.653181582923898
2025-04-30,1,Algae_Sum,12.738608105904344,7.94123050421303
2025-05-01,1,Algae_Sum,10.679889492338107,9.78997010518061
2025-05-02,1,Algae_Sum,12.234284516984728,10.228869713451067
2025-05-03,1,Algae_Sum,13.793665859433178,10.334813056828386
2025-05-04,1,Algae_Sum,14.010960703930094,11.254127748083278
2025-05-05,1,Algae_Sum,12.345543892140318,11.390381442756398
2025-05-06,1,Algae_Sum,11.941576388708613,9.701311403350289
2025-05-07,1,Algae_Sum,8.71072947550389,9.019367667881733
2025-05-08,1,Algae_Sum,0.2629515774942188,6.543059749782354
2025-05-09,1,Algae_Sum,0.19484927687833142,3.3323232299383596
2025-05-10,1,Algae_Sum,0.16524290128774588,2.1669940309995273
2025-05-11,1,Algae_Sum,0.23106508429448347,1.7116905463091712
2025-05-12,1,Algae_Sum,0.2076159959955941,1.4604660729239383
2025-05-13,1,Algae_Sum,0.12712942023144258,1.2421014762791893
2025-05-14,1,Algae_Sum,0.1767477371348729,1.0380151918716454
2025-05-15,1,Algae_Sum,0.0969908959803476,0.8769996139125471
2025-05-16,1,Algae_Sum,0.0657983779700011,1.3452928595277607
2025-05-17,1,Algae_Sum,0.057303394341650105,1.9240948355194751
2025-05-18,1,Algae_Sum,0.07510431251835215,2.1214025884701506
2025-05-19,1,Algae_Sum,0.07241871944920142,1.6846776378237314
2025-05-20,1,Algae_Sum,0.7918527977717993,1.6088203917508839
2024-06-18,2,Green_Algae,4.560119597968496,1.5425851503920303
2024-06-19,2,Green_Algae,1.4667140008930915,2.2244787685127574
2024-06-20,2,Green_Algae,0.31768114316541407,2.122401143247122
2024-06-21,2,Green_Algae,0.0012941596316076165,1.4663380972070028
2024-06-22,2,Green_Algae,0.0006534660744561549,1.1154105367940295
2024-06-23,2,Green_Algae,0.0006613758714579809,0.7510248334393741
2024-06-24,2,Green_Algae,0.0006689090114595508,0.7876148010560251
2024-06-25,2,Green_Algae,0.000676818808461821,0.8699209470729858
2024-06-26,2,Green_Algae,0.000684728605463647,1.0329580595325343
2024-06-27,2,Green_Algae,0.0006922617454652169,1.2480680022543948
2024-06-28,2,Green_Algae,0.0007001715424670429,1.4069639593264642
2024-06-29,2,Green_Algae,0.000708081339468869,1.5095828407012273
2024-06-30,2,Green_Algae,0.000715614479470883,1.5182367236067735
2024-07-01,2,Green_Algae,0.000723524276472709,1.580402454843472
2024-07-02,2,Green_Algae,0.000731434073474535,1.5445840690915031
2024-07-03,2,Green_Algae,0.0007389672134761049,1.4611406072627737
2024-07-04,2,Green_Algae,0.0007468770104783751,1.5647900221897806
2024-07-05,2,Green_Algae,0.0007547868074802011,1.5034890954252864
2024-07-06,2,Green_Algae,0.0007626966044820271,1.4948696766352487
2024-07-07,2,Green_Algae,0.000770229744483597,1.4700462853728795
2024-07-08,2,Green_Algae,0.0007781395414854231,1.585270746569623
2024-07-09,2,Green_Algae,0.0007860493384872491,1.481016420500473
2024-07-10,2,Green_Algae,0.0007935824784892631,1.5094604271761987
2024-07-11,2,Green_Algae,0.0008014922754910891,1.4582725525355955
2024-07-12,2,Green_Algae,0.0008094020724929152,1.5104193958984253
2024-07-13,2,Green_Algae,0.0008169352124949292,1.5063213677374563
2024-07-14,2,Green_Algae,0.0008248450094967552,1.4910995283928572
2024-07-15,2,Green_Algae,0.0008327548064985812,1.4653898632092783
2024-07-16,2,Green_Algae,0.0008402879465001512,1.494926740170762
2024-07-17,2,Green_Algae,0.0008481977435019772,1.6532614783126989
2024-07-18,2,Green_Algae,0.0008561075405038032,1.6785822451436858
2024-07-19,2,Green_Algae,0.0008636406805058172,1.8175193361095359
2024-07-20,2,Green_Algae,0.0008715504775076433,1.8086326791779346
2024-07-21,2,Green_Algae,0.0008794602745094693,1.733078863201571
2024-07-22,2,Green_Algae,0.0008873700715112953,1.7610172078546764
2024-07-23,2,Green_Algae,0.0008949032115133093,1.753092909558303
2024-07-24,2,Green_Algae,0.0009028130085151354,1.7715338479541631
2024-07-25,2,Green_Algae,0.0009107228055169614,1.6984168144398755
2024-07-26,2,Green_Algae,0.0009182559455185313,1.673167047453405
2024-07-27,2,Green_Algae,0.0009261657425208014,1.6240541762262928
2024-07-28,2,Green_Algae,0.0009340755395226275,1.5642885033941618
2024-07-29,2,Green_Algae,0.0009416086795241974,1.4784026092483553
2024-07-30,2,Green_Algae,0.0009495184765260234,1.432898488739096
2024-07-31,2,Green_Algae,0.0009574282735278494,1.4394009068601337
2024-08-01,2,Green_Algae,0.0009649614135298634,1.4310118138256502
2024-08-02,2,Green_Algae,0.0009728712105316895,1.332771005091422
2024-08-03,2,Green_Algae,0.0009807810075335155,1.2287225220728208
2024-08-04,2,Green_Algae,0.0009883141475350854,1.2061005026474718
2024-08-05,2,Green_Algae,0.0009962239445373555,1.1892449135649867
2024-08-06,2,Green_Algae,0.0010041337415391816,1.1795039985571836
2024-08-07,2,Green_Algae,0.0010116668815407515,1.1802870684603688
2024-08-08,2,Green_Algae,0.0010195766785425775,1.2216097312831389
2024-08-09,2,Green_Algae,0.0010274864755444035,1.217875742112756
2024-08-10,2,Green_Algae,0.0010353962725462296,1.1168113241773603
2024-08-11,2,Green_Algae,0.0010429294125482436,1.0753255688735517
2024-08-12,2,Green_Algae,0.0010508392095500696,1.1080233513797828
2024-08-13,2,Green_Algae,0.0010587490065518956,1.240649742637641
2024-08-14,2,Green_Algae,0.0010662821465539096,1.3245689222574826
2024-08-15,2,Green_Algae,0.0010741919435557357,1.3740379226781791
2024-08-16,2,Green_Algae,0.0010821017405575617,1.257999129047243
2024-08-17,2,Green_Algae,0.0010896348805591316,1.0458849277755906
2024-08-18,2,Green_Algae,0.0010975446775609576,0.8746118333520947
2024-08-19,2,Green_Algae,0.14581556728077816,0.799532416867343
2024-08-20,2,Green_Algae,0.29053358988399536,0.7386906349859577
2024-08-21,2,Green_Algae,0.4352512358302123,0.8237156795580609
2024-08-22,2,Green_Algae,0.8924184813598051,0.9326043933563066
2024-08-23,2,Green_Algae,0.6690395991864895,0.9986129676364137
2024-08-24,2,Green_Algae,0.489821302003115,1.0004009584158364
2024-08-25,2,Green_Algae,0.45310289434943307,0.912968322299164
2024-08-26,2,Green_Algae,0.2405937682131878,0.9200268744808326
2024-08-27,2,Green_Algae,0.054611087965213745,1.036332529596332
2024-08-28,2,Green_Algae,0.3990194690206459,1.2425511071740902
2024-08-29,2,Green_Algae,3.010181315800029,1.4211835143938263
2024-08-30,2,Green_Algae,5.621343162579413,1.6774025554194067
2024-08-31,2,Green_Algae,7.1721255330850795,2.330665156663864
2024-09-01,2,Green_Algae,5.159971483286325,3.2882803619607825
2024-09-02,2,Green_Algae,3.7971903243758045,4.058180170645068
2024-09-03,2,Green_Algae,2.9748262181581695,4.1854882121437935
2024-09-04,2,Green_Algae,1.7866873240532462,4.215233710001201
2024-09-05,2,Green_Algae,1.7006112181223942,3.617489456009496
2024-09-06,2,Green_Algae,2.177391558632124,3.47150887914198
2024-09-07,2,Green_Algae,1.3342073865612618,2.8674058075105213
2024-09-08,2,Green_Algae,4.709280666544764,2.769249464108563
2024-09-09,2,Green_Algae,4.120532205850435,2.425836022518866
2024-09-10,2,Green_Algae,3.5107197438705637,2.786894243770485
2024-09-11,2,Green_Algae,0.45597904720211346,3.0259082521817473
2024-09-12,2,Green_Algae,0.22569133400466423,3.2523324062007832
2024-09-13,2,Green_Algae,0.012009674627141198,2.8539077389268295
2024-09-14,2,Green_Algae,0.010423571999766068,2.535710071029345
2024-09-15,2,Green_Algae,0.022003891467504033,2.381323922383592
2024-09-16,2,Green_Algae,0.00999983287466577,1.8854273916410922
2024-09-17,2,Green_Algae,1.4372108347331158,1.494318062458618
2024-09-18,2,Green_Algae,0.00999983287466577,1.3003449806107552
2024-09-19,2,Green_Algae,0.00999983287466577,1.408985854102942
2024-09-20,2,Green_Algae,0.00999983287466577,1.31440709305208
2024-09-21,2,Green_Algae,0.00999983287466577,1.4108953167648939
2024-09-22,2,Green_Algae,0.00999983287466577,1.4237622965449361
2024-09-23,2,Green_Algae,0.6485859941106531,1.3708913300994352
2024-09-24,2,Green_Algae,0.8878773162382312,1.229450788382493
2024-09-25,2,Green_Algae,1.1271684500373094,1.0304947227519516
2024-09-26,2,Green_Algae,1.3664597721648875,1.064063524570889
2024-09-27,2,Green_Algae,1.6057510942924655,1.3531116130672314
2024-09-28,2,Green_Algae,1.8450424164200434,1.8853573334390754
2024-09-29,2,Green_Algae,2.0843337385476213,2.2996251357792747
2024-09-30,2,Green_Algae,0.22924433948650424,2.545717188371961
2024-10-01,2,Green_Algae,0.2488741957031455,2.7915495359630853
2024-10-02,2,Green_Algae,0.9670101270294413,2.431459040708946
2024-10-03,2,Green_Algae,0.9372619454909077,2.0802142409376474
2024-10-04,2,Green_Algae,1.6051814005798306,1.9079812361494246
2024-10-05,2,Green_Algae,0.5526386498499676,1.7858609385950506
2024-10-06,2,Green_Algae,0.01229518063320878,1.716678652432193
2024-10-07,2,Green_Algae,0.00999983287466577,1.5158812990567165
2024-10-08,2,Green_Algae,0.00999983287466577,1.4545434599062137
2024-10-09,2,Green_Algae,0.00999983287466577,1.5612662076254473
2024-10-10,2,Green_Algae,0.14053671942453017,1.3881650084520194
2024-10-11,2,Green_Algae,0.2383394760676545,1.0093333791729484
2024-10-12,2,Green_Algae,0.00999983287466577,0.7807662351519058
2024-10-13,2,Green_Algae,0.00999983287466577,0.7326215607435227
2024-10-14,2,Green_Algae,0.00999983287466577,0.9205253800204507
2024-10-15,2,Green_Algae,0.00999983287466577,1.2196989503216873
2024-10-16,2,Green_Algae,0.00999983287466577,1.420260328086608
2024-10-17,2,Green_Algae,0.00999983287466577,1.481180266295512
2024-10-18,2,Green_Algae,0.00999983287466577,1.3135656413138812
2024-10-19,2,Green_Algae,0.00999983287466577,1.0283283800159397
2024-10-20,2,Green_Algae,0.00999983287466577,0.948530581291072
2024-10-21,2,Green_Algae,0.00999983287466577,1.018631533877147
2024-10-22,2,Green_Algae,0.00999983287466577,0.9105558342135933
2024-10-23,2,Green_Algae,0.038449112748392356,0.6689205755744614
2024-10-24,2,Green_Algae,0.7455815748025869,0.606768027332766
2024-10-25,2,Green_Algae,1.1932389843939308,0.6914510673487881
2024-10-26,2,Green_Algae,1.112123827811252,0.745475734185562
2024-10-27,2,Green_Algae,1.076880032312919,0.7989572616282072
2024-10-28,2,Green_Algae,1.2733079761588626,0.7527307129927774
2024-10-29,2,Green_Algae,0.7592768233258251,0.9235727234796713
2024-10-30,2,Green_Algae,0.3944675691745694,1.0165079417106448
2024-10-31,2,Green_Algae,0.09649308643311638,1.1452154052110766
2024-11-01,2,Green_Algae,0.15414684346574825,1.3848191643202283
2024-11-02,2,Green_Algae,0.15631977769926175,1.321884676146348
2024-11-03,2,Green_Algae,0.09466554666868454,1.0883044157826203
2024-11-04,2,Green_Algae,0.27880034767422135,0.8142476525468223
2024-11-05,2,Green_Algae,0.2847447484496266,0.7310428029276492
2024-11-06,2,Green_Algae,0.6582329331969343,0.9653893719580582
2024-11-07,2,Green_Algae,0.55019640586139,0.8733165099287885
2024-11-08,2,Green_Algae,0.6229657849645958,0.8538804437386931
2024-11-09,2,Green_Algae,1.0034616731985602,0.6936300280943035
2024-11-10,2,Green_Algae,0.8530058461844865,0.6836915564899537
2024-11-11,2,Green_Algae,0.3325673811229337,0.9616725206811796
2024-11-12,2,Green_Algae,0.059136621821283875,1.482928143104425
2024-11-13,2,Green_Algae,0.16494559965830113,1.4089101460459243
2024-11-14,2,Green_Algae,0.39011793413754114,1.1023610666974437
2024-11-15,2,Green_Algae,0.5411042825362404,1.1545753316632896
2024-11-16,2,Green_Algae,0.2821318788400089,0.9726677034992792
2024-11-17,2,Green_Algae,0.010056331424679321,0.8973931786884815
2024-11-18,2,Green_Algae,0.0759810995222665,0.5982868416617606
2024-11-19,2,Green_Algae,0.01657814738122143,0.6309806692694906
2024-11-20,2,Green_Algae,0.22980518175963693,0.5585389817563624
2024-11-21,2,Green_Algae,0.32191213124741447,0.448228952768281
2024-11-22,2,Green_Algae,0.5607759476798915,0.3047975904773681
2024-11-23,2,Green_Algae,0.11748983090308096,0.20298419009729507
2024-11-24,2,Green_Algae,0.00999983287466577,0.21012862007498434
2024-11-25,2,Green_Algae,0.00999983287466577,0.20486182524273922
2024-11-26,2,Green_Algae,0.00999983287466577,0.4545021751047642
2024-11-27,2,Green_Algae,0.00999983287466577,0.6548204207761272
2024-11-28,2,Green_Algae,0.015217285639899547,0.6608642589995561
2024-11-29,2,Green_Algae,0.020434738405133324,0.6824062144771497
2024-11-30,2,Green_Algae,0.025652191170366656,0.5719863899735422
2024-12-01,2,Green_Algae,0.030869643935600433,0.5651429089389239
2024-12-02,2,Green_Algae,0.1470483656420698,0.5601367607507401
2024-12-03,2,Green_Algae,0.26322708734853917,0.597308286775529
2024-12-04,2,Green_Algae,0.37940618571200835,0.5437593377298682
2024-12-05,2,Green_Algae,0.4955849074184777,0.5016814776219194
2024-12-06,2,Green_Algae,0.3256063831042879,0.4406641735784924
2024-12-07,2,Green_Algae,0.8112982399076252,0.35014709328809035
2024-12-08,2,Green_Algae,0.25589244558580493,0.2873964137302538
2024-12-09,2,Green_Algae,0.06931954381869154,0.3576772200338709
2024-12-10,2,Green_Algae,0.5481511583509064,0.38058361549428676
2024-12-11,2,Green_Algae,0.26615107564023033,0.5759789541744862
2024-12-12,2,Green_Algae,0.04139381717508872,0.7548426287922765
2024-12-13,2,Green_Algae,0.04505680650095467,0.7221128304410378
2024-12-14,2,Green_Algae,0.016056100779097804,0.7158978016110686
2024-12-15,2,Green_Algae,0.011882364561111025,1.220015342201762
2024-12-16,2,Green_Algae,0.018916057380774287,1.165472018675866
2024-12-17,2,Green_Algae,0.012773911680322048,0.9638089191856847
2024-12-18,2,Green_Algae,0.010593820963806344,0.7997139655413861
2024-12-19,2,Green_Algae,0.01085748086386884,0.8222572636537162
2024-12-20,2,Green_Algae,0.010816048593858874,0.7366239180264689
2024-12-21,2,Green_Algae,0.043219096997520356,0.7654366719052814
2024-12-22,2,Green_Algae,0.015586409499986686,0.7023795818778722
2024-12-23,2,Green_Algae,0.27329475230391953,0.7683533153854709
2024-12-24,2,Green_Algae,1.718931814606726,0.7803788434273145
2024-12-25,2,Green_Algae,1.0898569959369873,0.6505788862981245
2024-12-26,2,Green_Algae,1.0384352172993294,1.228748323077327
2024-12-27,2,Green_Algae,0.9870134386616711,1.243936828277418
2024-12-28,2,Green_Algae,0.9355916600240128,1.0830016502068665
2024-12-29,2,Green_Algae,0.8841698813863546,0.8780177542754002
2024-12-30,2,Green_Algae,0.8327481027486967,0.8142847532613313
2024-12-31,2,Green_Algae,0.7813265124395383,0.7005360341909364
2025-01-01,2,Green_Algae,0.7299047338018805,0.6951709318816679
2025-01-02,2,Green_Algae,0.6784829551642222,0.709284834660505
2025-01-03,2,Green_Algae,0.6270611765265639,0.7810611575829758
2025-01-04,2,Green_Algae,0.5756392095604057,0.8001644473134926
2025-01-05,2,Green_Algae,0.5242176192512478,0.8651129204668488
2025-01-06,2,Green_Algae,0.4727960289420894,0.881244009809663
2025-01-07,2,Green_Algae,0.4213740619759312,0.8637989525220382
2025-01-08,2,Green_Algae,0.36995247166677325,1.0115225096574658
2025-01-09,2,Green_Algae,0.31853050470061506,1.0297205042882687
2025-01-10,2,Green_Algae,0.2671089143914567,1.0071097845729224
2025-01-11,2,Green_Algae,0.21568694742529848,0.954183826205409
2025-01-12,2,Green_Algae,0.16426535711614054,0.9537868297273149
2025-01-13,2,Green_Algae,0.11284339014998235,0.9703461780792302
2025-01-14,2,Green_Algae,0.061421799840823965,1.0792503348144797
2025-01-15,2,Green_Algae,0.00999983287466577,1.0711122836705553
2025-01-16,2,Green_Algae,0.03838545771537749,1.1068585396070074
2025-01-17,2,Green_Algae,0.010041641801675993,1.125462005498406
2025-01-18,2,Green_Algae,0.00999983287466577,1.0758720981806809
2025-01-19,2,Green_Algae,0.00999983287466577,0.9153776088002337
2025-01-20,2,Green_Algae,0.013734763687549112,0.8274443955304425
2025-01-21,2,Green_Algae,0.029899375503370962,0.976958956701294
2025-01-22,2,Green_Algae,0.011337718538982244,0.9678274727196348
2025-01-23,2,Green_Algae,0.021497664459384502,1.031015639383075
2025-01-24,2,Green_Algae,0.01940533482388984,1.0383359681798057
2025-01-25,2,Green_Algae,0.07538334486312515,1.1762427139219125
2025-01-26,2,Green_Algae,0.03280227100305755,1.2445266731395574
2025-01-27,2,Green_Algae,0.28956746467876693,1.1868337437789167
2025-01-28,2,Green_Algae,0.36278205235607786,0.8045003343700179
2025-01-29,2,Green_Algae,0.5925974376754155,0.44834759972330884
2025-01-30,2,Green_Algae,0.6226652126785246,0.26452730731284646
2025-01-31,2,Green_Algae,0.7192637968923643,0.09688970625421023
2025-02-01,2,Green_Algae,0.5600162305107119,0.16209355285362692
2025-02-02,2,Green_Algae,0.2807137652346734,0.28024068404256175
2025-02-03,2,Green_Algae,0.2871463134821943,0.3585631172980803
2025-02-04,2,Green_Algae,0.5451684115672011,0.4458108148277091
2025-02-05,2,Green_Algae,0.6948447469195909,0.46913605287222415
2025-02-06,2,Green_Algae,0.8080621912913597,0.41940678246446605
2025-02-07,2,Green_Algae,0.963734906085167,0.30919016441240643
2025-02-08,2,Green_Algae,0.7635258909438298,0.35543234431334003
2025-02-09,2,Green_Algae,0.7323889750459678,0.4100649355482573
2025-02-10,2,Green_Algae,0.763459787640314,0.3962800426589981
2025-02-11,2,Green_Algae,0.8849019142660279,0.2071104675332709
2025-02-12,2,Green_Algae,1.0077173323140665,0.3504171563571541
2025-02-13,2,Green_Algae,0.8807230931785397,0.5341368813485929
2025-02-14,2,Green_Algae,1.059558895178324,0.8303007738906181
2025-02-15,2,Green_Algae,1.4707163581760376,0.780985637854458
2025-02-16,2,Green_Algae,1.656197142971393,0.9017181426920038
2025-02-17,2,Green_Algae,1.5316447711674437,0.7373011473126292
2025-02-18,2,Green_Algae,1.4764641439973967,0.776207932136828
2025-02-19,2,Green_Algae,1.3538841365744139,0.4635558794159049
2025-02-20,2,Green_Algae,1.2015949316124068,0.2408532848862488
2025-02-21,2,Green_Algae,0.9416213736099386,0.12149444812802779
2025-02-22,2,Green_Algae,0.709297452670008,0.31080074974478755
2025-02-23,2,Green_Algae,0.6776435750395238,0.23493186018784895
2025-02-24,2,Green_Algae,0.4737598942053176,0.12028537915774207
2025-02-25,2,Green_Algae,0.5350642108828123,0.1802382505189173
2025-02-26,2,Green_Algae,0.18312494976759952,0.04991003194710242
2025-02-27,2,Green_Algae,0.00999983287466577,-0.08409661888758224
2025-02-28,2,Green_Algae,0.00999983287466577,0.20014909285762483
2025-03-01,2,Green_Algae,0.00999983287466577,0.24236330279960594
2025-03-02,2,Green_Algae,0.00999983287466577,0.11399294731425424
2025-03-03,2,Green_Algae,0.00999983287466577,0.09131932587989322
2025-03-04,2,Green_Algae,0.00999983287466577,0.17909434320964657
2025-03-05,2,Green_Algae,0.00999983287466577,0.3082933440951945
2025-03-06,2,Green_Algae,0.00999983287466577,0.21709376132063118
2025-03-07,2,Green_Algae,0.00999983287466577,0.04518486988098491
2025-03-08,2,Green_Algae,0.00999983287466577,-0.12883706732916078
2025-03-09,2,Green_Algae,0.00999983287466577,-0.22790765143458458
2025-03-10,2,Green_Algae,0.00999983287466577,-0.18740346427300825
2025-03-11,2,Green_Algae,0.00999983287466577,-0.09122108604426682
2025-03-12,2,Green_Algae,0.04463269071885456,0.027272946241749807
2025-03-13,2,Green_Algae,0.013601803766517762,0.25561522603373943
2025-03-14,2,Green_Algae,0.011534710150028715,0.5053840159327945
2025-03-15,2,Green_Algae,0.052227602468650325,0.5688552403318017
2025-03-16,2,Green_Algae,0.010875183742872885,0.5301006249356388
2025-03-17,2,Green_Algae,0.00999983287466577,0.5712285560893631
2025-03-18,2,Green_Algae,0.00999983287466577,0.25009494104043384
2025-03-19,2,Green_Algae,0.010069514419682513,0.1087566616990161
2025-03-20,2,Green_Algae,0.010516606278788032,-0.03741563358154476
2025-03-21,2,Green_Algae,0.010383646357756682,-0.11933137461791299
2025-03-22,2,Green_Algae,0.01044428813477083,-0.15237059669472508
2025-03-23,2,Green_Algae,0.013585607515513853,-0.2005201676441093
2025-03-24,2,Green_Algae,0.023472853767851465,-0.18910444728540998
2025-03-25,2,Green_Algae,0.1180796757652205,-0.12125194866136724
2025-03-26,2,Green_Algae,0.1833494373396527,-0.01973535399736459
2025-03-27,2,Green_Algae,0.5017413660849335,0.07519350973508043
2025-03-28,2,Green_Algae,0.24097720503927844,0.21526772818419948
2025-03-29,2,Green_Algae,0.00999983287466577,0.3259129819023605
2025-03-30,2,Green_Algae,0.00999983287466577,0.4107689074814238
2025-03-31,2,Green_Algae,0.00999983287466577,0.45143392718203845
2025-04-01,2,Green_Algae,0.00999983287466577,0.31610935350404246
2025-04-02,2,Green_Algae,0.00999983287466577,0.36398999135536325
2025-04-03,2,Green_Algae,0.00999983287466577,0.437317199475701
2025-04-04,2,Green_Algae,0.00999983287466577,0.5399505821449675
2025-04-05,2,Green_Algae,0.00999983287466577,0.7487607482118386
2025-04-06,2,Green_Algae,0.00999983287466577,0.9110426633862088
2025-04-07,2,Green_Algae,0.00999983287466577,1.2641030440621863
2025-04-08,2,Green_Algae,0.00999983287466577,1.2873740434986884
2025-04-09,2,Green_Algae,0.00999983287466577,1.2987061460033678
2025-04-10,2,Green_Algae,0.00999983287466577,1.1205087776187348
2025-04-11,2,Green_Algae,0.00999983287466577,1.1508129048894
2025-04-12,2,Green_Algae,0.00999983287466577,0.8495142357936607
2025-04-13,2,Green_Algae,0.00999983287466577,0.7083738897057894
2025-04-14,2,Green_Algae,0.00999983287466577,0.4266468833201782
2025-04-15,2,Green_Algae,0.00999983287466577,0.3347531216944506
2025-04-16,2,Green_Algae,0.00999983287466577,0.37632023491027855
2025-04-17,2,Green_Algae,0.00999983287466577,0.4287930749066855
2025-04-18,2,Green_Algae,0.00999983287466577,0.4301818092660139
2025-04-19,2,Green_Algae,0.00999983287466577,0.38079868664133754
2025-04-20,2,Green_Algae,0.00999983287466577,0.5693716370789237
2025-04-21,2,Green_Algae,0.00999983287466577,0.6952076559391767
2025-04-22,2,Green_Algae,0.00999983287466577,0.7081117364337275
2025-04-23,2,Green_Algae,0.00999983287466577,0.7510237034683738
2025-04-24,2,Green_Algae,0.00999983287466577,1.0382706181902903
2025-04-25,2,Green_Algae,0.00999983287466577,1.3211089510546645
2025-04-26,2,Green_Algae,0.00999983287466577,1.4101412494507155
2025-04-27,2,Green_Algae,0.00999983287466577,1.5040644389929225
2025-04-28,2,Green_Algae,0.07468577609896032,1.5567154377503716
2025-04-29,2,Green_Algae,0.9495808893358206,1.6175817023367625
2025-04-30,2,Green_Algae,5.614495726646293,1.7546535878381717
2025-05-01,2,Green_Algae,5.224969110178193,1.5268681954208145
2025-05-02,2,Green_Algae,4.835442493710094,2.36350898792188
2025-05-03,2,Green_Algae,4.445915924324119,2.6833079188909927
2025-05-04,2,Green_Algae,4.056389307856019,2.674523147677916
2025-05-05,2,Green_Algae,3.66686269138792,3.0146433829515837
2025-05-06,2,Green_Algae,3.27733607491982,2.9543730839035836
2025-05-07,2,Green_Algae,2.8878095055338453,2.363163216795798
2025-05-08,2,Green_Algae,0.10000013976094557,2.12078471973124
2025-05-09,2,Green_Algae,0.07100696717909027,1.3589833190416196
2025-05-10,2,Green_Algae,0.05758102841091617,0.46658420169662085
2025-05-11,2,Green_Algae,0.06054381237361639,0.10736566739768705
2025-05-12,2,Green_Algae,0.07275465565950379,-0.03835539279676725
2025-05-13,2,Green_Algae,0.05141214006345729,-0.06274996006453515
2025-05-14,2,Green_Algae,0.043194614292514366,-0.09727132743669742
2025-05-15,2,Green_Algae,0.026342603451530167,-0.158292774707125
2025-05-16,2,Green_Algae,0.00999983287466577,-0.2190042332664799
2025-05-17,2,Green_Algae,0.00999983287466577,0.03576656159375835
2025-05-18,2,Green_Algae,0.038229145060340475,0.36773057202324777
2025-05-19,2,Green_Algae,0.023229156688794106,0.478545321391449
2025-05-20,2,Green_Algae,0.00999983287466577,0.1544037235398088
2025-05-21,2,Green_Algae,0.00999983287466577,0.036112332719839824
2024-06-18,2,Cyanobacteria,3.203859645863719,2.2634383773296123
2024-06-19,2,Cyanobacteria,4.156615198985742,2.4404092411310914
2024-06-20,2,Cyanobacteria,5.109370825966199,2.6177823379631024
2024-06-21,2,Cyanobacteria,2.629563053589609,2.8653890443910415
2024-06-22,2,Cyanobacteria,2.079829404852716,3.1818478384104836
2024-06-23,2,Cyanobacteria,1.5487760473517018,3.0343965657175085
2024-06-24,2,Cyanobacteria,1.4499789440729463,2.9094126592975122
2024-06-25,2,Cyanobacteria,1.3561054655672984,2.701941955253996
2024-06-26,2,Cyanobacteria,1.3209995918175381,2.542613877112127
2024-06-27,2,Cyanobacteria,1.3604303200175045,2.4164643368897343
2024-06-28,2,Cyanobacteria,1.3998609743590373,2.3458673807286754
2024-06-29,2,Cyanobacteria,1.4392917025590037,2.2990639928780965
2024-06-30,2,Cyanobacteria,1.4787224307589701,2.280623462274899
2024-07-01,2,Cyanobacteria,1.5181531589589365,2.3039021634432855
2024-07-02,2,Cyanobacteria,1.557583887158903,2.313938121287887
2024-07-03,2,Cyanobacteria,1.5970146153588693,2.339162364390493
2024-07-04,2,Cyanobacteria,1.6364453435588358,2.3827409083748217
2024-07-05,2,Cyanobacteria,1.6758760348295851,2.428432800654987
2024-07-06,2,Cyanobacteria,1.7153067630295515,2.454487692633442
2024-07-07,2,Cyanobacteria,1.754737491229518,2.477517564738321
2024-07-08,2,Cyanobacteria,1.7941682009648758,2.4889101173659367
2024-07-09,2,Cyanobacteria,1.8335989291648425,2.5189666592882434
2024-07-10,2,Cyanobacteria,1.8730296389002004,2.540188033782839
2024-07-11,2,Cyanobacteria,1.9124603671001668,2.5439396729282424
2024-07-12,2,Cyanobacteria,1.9518910768355247,2.667266860819436
2024-07-13,2,Cyanobacteria,1.9913217958031868,2.8224144408199807
2024-07-14,2,Cyanobacteria,2.030752519387001,2.8819883580977774
2024-07-15,2,Cyanobacteria,2.070183238643173,2.8555303467875848
2024-07-16,2,Cyanobacteria,2.1096139573223254,2.8039214707287776
2024-07-17,2,Cyanobacteria,2.1490446762899875,2.7123754191893656
2024-07-18,2,Cyanobacteria,2.188475399873802,2.728941792034622
2024-07-19,2,Cyanobacteria,2.227906118841464,2.6538539845933684
2024-07-20,2,Cyanobacteria,2.267336828576822,2.622482393257066
2024-07-21,2,Cyanobacteria,2.3067675567767885,2.629738430440692
2024-07-22,2,Cyanobacteria,2.3461982665121464,2.625881026018072
2024-07-23,2,Cyanobacteria,2.3856289947121128,2.6400818978744636
2024-07-24,2,Cyanobacteria,2.425059722912079,2.6834062949880506
2024-07-25,2,Cyanobacteria,2.464490414182829,2.777836887659931
2024-07-26,2,Cyanobacteria,2.5039211423827954,2.786417169632562
2024-07-27,2,Cyanobacteria,2.543351870582762,2.7468243960288152
2024-07-28,2,Cyanobacteria,2.582782598782728,2.6972230660594105
2024-07-29,2,Cyanobacteria,2.6222133269826946,2.6786134365720042
2024-07-30,2,Cyanobacteria,2.661644018253444,2.7115637150017884
2024-07-31,2,Cyanobacteria,2.7010747833826274,2.773127673920175
2024-08-01,2,Cyanobacteria,2.7405054377241598,2.8642197176669537
2024-08-02,2,Cyanobacteria,2.779936165924126,2.954075149656444
2024-08-03,2,Cyanobacteria,2.8193668941240926,3.0342840054643814
2024-08-04,2,Cyanobacteria,2.858797622324059,3.1896365056895335
2024-08-05,2,Cyanobacteria,2.8982283505240254,3.1794888738930105
2024-08-06,2,Cyanobacteria,2.937659078723992,3.1806891473008645
2024-08-07,2,Cyanobacteria,2.977089806923958,3.2076030128645354
2024-08-08,2,Cyanobacteria,3.0165205351239246,3.220841546257593
2024-08-09,2,Cyanobacteria,3.0559511894654574,3.304133179234346
2024-08-10,2,Cyanobacteria,3.0953819176654234,3.3540255852913976
2024-08-11,2,Cyanobacteria,3.1348126458653898,3.2577158124880774
2024-08-12,2,Cyanobacteria,3.174243374065356,3.232612734146138
2024-08-13,2,Cyanobacteria,3.213674102265323,3.272070199099144
2024-08-14,2,Cyanobacteria,2.51202060595132,3.305654736829276
2024-08-15,2,Cyanobacteria,2.1301284881407465,3.350310949221334
2024-08-16,2,Cyanobacteria,1.7162456514401505,3.3076077753945263
2024-08-17,2,Cyanobacteria,1.9709851345579898,3.166833083542717
2024-08-18,2,Cyanobacteria,2.1755134201538433,2.96987723542863
2024-08-19,2,Cyanobacteria,1.9877089458872177,2.87021111381766
2024-08-20,2,Cyanobacteria,2.1425091142797266,2.8005256076590395
2024-08-21,2,Cyanobacteria,5.825709890108474,2.6910446234250798
2024-08-22,2,Cyanobacteria,5.125394265464514,2.6893856891432626
2024-08-23,2,Cyanobacteria,4.425078640820555,3.184075925783244
2024-08-24,2,Cyanobacteria,2.536459069176616,3.4797856699923084
2024-08-25,2,Cyanobacteria,1.7120582844644823,3.453187770808479
2024-08-26,2,Cyanobacteria,1.0761327378502328,3.1439024771728796
2024-08-27,2,Cyanobacteria,0.9477904145864402,2.924508806159338
2024-08-28,2,Cyanobacteria,0.8274174901892322,2.6021993532348153
2024-08-29,2,Cyanobacteria,0.48264898006553536,2.3999382168909045
2024-08-30,2,Cyanobacteria,0.13788046994183834,2.2500287139454156
2024-08-31,2,Cyanobacteria,0.4183165116141969,2.127020511397545
2024-09-01,2,Cyanobacteria,0.6003124078184059,2.072788146840573
2024-09-02,2,Cyanobacteria,0.7755394739976198,2.19669892714652
2024-09-03,2,Cyanobacteria,1.0360471807761027,2.269010959231396
2024-09-04,2,Cyanobacteria,1.39186380472134,2.2878457461542734
2024-09-05,2,Cyanobacteria,1.4426499716859325,2.354579943156261
2024-09-06,2,Cyanobacteria,1.3857365090524227,2.3909076569765477
2024-09-07,2,Cyanobacteria,1.5848378708102708,2.400817021465598
2024-09-08,2,Cyanobacteria,1.038901292233841,2.4200468771509285
2024-09-09,2,Cyanobacteria,1.1076540402318689,2.673990489482939
2024-09-10,2,Cyanobacteria,1.512870877631245,2.769419094241683
2024-09-11,2,Cyanobacteria,2.70634118514705,2.758481768070858
2024-09-12,2,Cyanobacteria,3.3819120187114846,2.6846348192468374
2024-09-13,2,Cyanobacteria,4.142161398922767,2.7822084944987395
2024-09-14,2,Cyanobacteria,3.3129978900355814,2.9653502304450843
2024-09-15,2,Cyanobacteria,3.069733173214493,3.2022528556361722
2024-09-16,2,Cyanobacteria,3.229552853091804,3.172855869527793
2024-09-17,2,Cyanobacteria,3.3594826895319185,3.1258152853170316
2024-09-18,2,Cyanobacteria,4.033889218745766,3.1085998445554486
2024-09-19,2,Cyanobacteria,5.413530492012218,3.161884199185246
2024-09-20,2,Cyanobacteria,5.807697295270774,3.191114412950081
2024-09-21,2,Cyanobacteria,4.29945475107159,3.3806138828788317
2024-09-22,2,Cyanobacteria,3.3535264499957065,3.4903370858464733
2024-09-23,2,Cyanobacteria,2.2214376156729507,3.392818398198543
2024-09-24,2,Cyanobacteria,0.6470396845529434,3.216969887157248
2024-09-25,2,Cyanobacteria,0.029993092204990024,2.8989365051874003
2024-09-26,2,Cyanobacteria,0.05209035386614458,2.5714514963720427
2024-09-27,2,Cyanobacteria,0.6710296424389248,2.249726743738781
2024-09-28,2,Cyanobacteria,0.7657582538912304,2.0189563534993717
2024-09-29,2,Cyanobacteria,2.0137150405216846,1.9090299382834053
2024-09-30,2,Cyanobacteria,2.4855938736878462,1.8814492418500766
2024-10-01,2,Cyanobacteria,2.3003854310466165,2.0266110785087066
2024-10-02,2,Cyanobacteria,1.942241444761273,2.1897068969345495
2024-10-03,2,Cyanobacteria,1.9331098926709849,2.2995251834034174
2024-10-04,2,Cyanobacteria,1.68257517942228,2.3263657998653566
2024-10-05,2,Cyanobacteria,2.1980854161306187,2.35763380474824
2024-10-06,2,Cyanobacteria,2.93673311553931,2.33748249124269
2024-10-07,2,Cyanobacteria,3.8911317972383146,2.3881679891619987
2024-10-08,2,Cyanobacteria,3.4381240477990964,2.5246851115968028
2024-10-09,2,Cyanobacteria,2.673692655348598,2.739675933654034
2024-10-10,2,Cyanobacteria,2.4262254305729103,2.8420699426593603
2024-10-11,2,Cyanobacteria,2.6029718385940392,2.764579003357215
2024-10-12,2,Cyanobacteria,3.5544187310565913,2.6463773691971673
2024-10-13,2,Cyanobacteria,4.760641731187849,2.5430272996953813
2024-10-14,2,Cyanobacteria,6.227771864507636,2.611066169001414
2024-10-15,2,Cyanobacteria,6.29530535748032,2.821794620843443
2024-10-16,2,Cyanobacteria,6.362838850453005,3.1350198187722285
2024-10-17,2,Cyanobacteria,4.70217805388709,3.3267112592996066
2024-10-18,2,Cyanobacteria,5.582466296799455,3.466214035062765
2024-10-19,2,Cyanobacteria,5.554226672348887,3.3329153677396866
2024-10-20,2,Cyanobacteria,5.140068754527715,3.408234130503466
2024-10-21,2,Cyanobacteria,4.0567619939619295,3.480049492317879
2024-10-22,2,Cyanobacteria,5.039682143894924,3.4746179430954567
2024-10-23,2,Cyanobacteria,6.0475445823594525,3.290949301082308
2024-10-24,2,Cyanobacteria,3.754799616321772,3.3159135994271174
2024-10-25,2,Cyanobacteria,3.511246260741352,3.49664695956377
2024-10-26,2,Cyanobacteria,3.1276079033640456,3.351444085312854
2024-10-27,2,Cyanobacteria,4.256938882232927,3.238254115179016
2024-10-28,2,Cyanobacteria,4.139915659384325,3.075447304804674
2024-10-29,2,Cyanobacteria,4.851031750521258,3.21617561356005
2024-10-30,2,Cyanobacteria,6.432972455729553,3.28745594487994
2024-10-31,2,Cyanobacteria,6.041695289835397,3.4424593901469036
2024-11-01,2,Cyanobacteria,4.512645495379993,3.75789930707193
2024-11-02,2,Cyanobacteria,3.4821517987778607,3.7785626810990878
2024-11-03,2,Cyanobacteria,3.712998106254923,3.565463964399213
2024-11-04,2,Cyanobacteria,5.276422058956328,3.3178851764592543
2024-11-05,2,Cyanobacteria,4.049208491936133,3.2299855157970656
2024-11-06,2,Cyanobacteria,3.619208235496349,3.437248086774104
2024-11-07,2,Cyanobacteria,2.1169136863857023,3.3040449922643766
2024-11-08,2,Cyanobacteria,2.4258070594745904,3.175095404957794
2024-11-09,2,Cyanobacteria,2.091653051847913,2.8881484469113063
2024-11-10,2,Cyanobacteria,2.865451085475442,2.7492510148716587
2024-11-11,2,Cyanobacteria,2.649732388553008,2.591718915335542
2024-11-12,2,Cyanobacteria,2.0496080120601823,2.7253906046785805
2024-11-13,2,Cyanobacteria,2.6810680846904784,2.696817804833093
2024-11-14,2,Cyanobacteria,1.7691105270951217,2.5933341623537607
2024-11-15,2,Cyanobacteria,1.9326068613429102,2.5564609301413497
2024-11-16,2,Cyanobacteria,2.2668200780446672,2.4201597697670074
2024-11-17,2,Cyanobacteria,2.181764714900824,2.3450229572549204
2024-11-18,2,Cyanobacteria,2.292316157112912,2.355795025180094
2024-11-19,2,Cyanobacteria,1.9656885154618349,2.3210980686491256
2024-11-20,2,Cyanobacteria,1.8186171520877727,2.3415937101731
2024-11-21,2,Cyanobacteria,1.9696988345393551,2.2958032538130144
2024-11-22,2,Cyanobacteria,2.2770516868804327,2.231108731319137
2024-11-23,2,Cyanobacteria,2.4312372423159876,2.1872278939975263
2024-11-24,2,Cyanobacteria,2.4629399410110624,2.167987393465423
2024-11-25,2,Cyanobacteria,2.5442022396604385,2.1772993817095103
2024-11-26,2,Cyanobacteria,2.654061489863159,2.1779855265596098
2024-11-27,2,Cyanobacteria,2.755242263305497,2.1511392737759403
2024-11-28,2,Cyanobacteria,3.1401273510455248,2.139183292086001
2024-11-29,2,Cyanobacteria,3.525012438785552,2.1319786095946345
2024-11-30,2,Cyanobacteria,3.9098974526671455,2.1871627600912094
2024-12-01,2,Cyanobacteria,4.294782614265607,2.254850007858479
2024-12-02,2,Cyanobacteria,4.448371818241968,2.3645598055203836
2024-12-03,2,Cyanobacteria,4.601961022218329,2.5074341449285567
2024-12-04,2,Cyanobacteria,4.755549930760954,2.5471837938457167
2024-12-05,2,Cyanobacteria,4.909139134737314,2.5857191362525986
2024-12-06,2,Cyanobacteria,4.281264157408407,2.603057551306476
2024-12-07,2,Cyanobacteria,4.116805798595629,2.7597097383913916
2024-12-08,2,Cyanobacteria,3.2391692211739285,2.7672067387153243
2024-12-09,2,Cyanobacteria,2.8343069042568425,2.7075048986301677
2024-12-10,2,Cyanobacteria,3.1810240214397614,2.559679791474461
2024-12-11,2,Cyanobacteria,3.292988310864514,2.35769012180402
2024-12-12,2,Cyanobacteria,3.433917662276722,2.2879875543471897
2024-12-13,2,Cyanobacteria,2.4233524113561162,2.2102888697353436
2024-12-14,2,Cyanobacteria,2.352351892712717,2.166957982311885
2024-12-15,2,Cyanobacteria,2.2012347397482976,2.221133245067218
2024-12-16,2,Cyanobacteria,2.230415459130175,2.0960266967178796
2024-12-17,2,Cyanobacteria,2.1774451874901564,1.9338238729183266
2024-12-18,2,Cyanobacteria,2.751966715624436,1.8119761156178782
2024-12-19,2,Cyanobacteria,2.6467413066297683,1.7471871651163742
2024-12-20,2,Cyanobacteria,2.5497919567188663,1.7814927458065808
2024-12-21,2,Cyanobacteria,3.3061502530617104,1.8189702138659953
2024-12-22,2,Cyanobacteria,3.083616490734716,1.8586189352333533
2024-12-23,2,Cyanobacteria,2.9609335699616515,1.9802867364598224
2024-12-24,2,Cyanobacteria,5.379092372362539,1.9856942447620398
2024-12-25,2,Cyanobacteria,4.2676883864065704,2.0066772411615124
2024-12-26,2,Cyanobacteria,4.250700355762691,2.315397785515284
2024-12-27,2,Cyanobacteria,4.233712177401943,2.3290331972024223
2024-12-28,2,Cyanobacteria,4.216724146758062,2.35191941465354
2024-12-29,2,Cyanobacteria,4.199736116114181,2.355405791233913
2024-12-30,2,Cyanobacteria,4.182748085470301,2.311631928621372
2024-12-31,2,Cyanobacteria,4.165759907109552,2.3186971894704653
2025-01-01,2,Cyanobacteria,4.148771876465672,2.279134365461629
2025-01-02,2,Cyanobacteria,4.131783845821792,2.2594656983564225
2025-01-03,2,Cyanobacteria,4.114795815177911,2.2164976866505794
2025-01-04,2,Cyanobacteria,4.09780778453403,2.1975692841628467
2025-01-05,2,Cyanobacteria,4.080819606173282,2.1583718193614625
2025-01-06,2,Cyanobacteria,4.063831575529401,2.122304401126532
2025-01-07,2,Cyanobacteria,4.046843544885521,2.1074382309629844
2025-01-08,2,Cyanobacteria,4.029855514241641,2.0434287177457864
2025-01-09,2,Cyanobacteria,4.01286748359776,2.0190378008872565
2025-01-10,2,Cyanobacteria,3.9958793052370116,2.0160689134233767
2025-01-11,2,Cyanobacteria,3.978891274593131,1.9849765992899202
2025-01-12,2,Cyanobacteria,3.9619032439492505,1.9922987028425896
2025-01-13,2,Cyanobacteria,3.9449152133053698,1.9989222533282796
2025-01-14,2,Cyanobacteria,3.927927034944622,2.028166315549454
2025-01-15,2,Cyanobacteria,3.910939004300741,2.0249971978715138
2025-01-16,2,Cyanobacteria,3.5364801423695695,1.999606034708497
2025-01-17,2,Cyanobacteria,3.256329711260756,1.97494241404773
2025-01-18,2,Cyanobacteria,3.619419322900179,1.9242819910667002
2025-01-19,2,Cyanobacteria,4.279693483954993,1.83847840505914
2025-01-20,2,Cyanobacteria,3.606339141989211,1.7785259633080646
2025-01-21,2,Cyanobacteria,3.8403925303791917,1.8213823933850286
2025-01-22,2,Cyanobacteria,3.7916205567630454,1.7855707284417757
2025-01-23,2,Cyanobacteria,3.9443240504011507,1.7733817603223816
2025-01-24,2,Cyanobacteria,4.1020147609238755,1.731306530899831
2025-01-25,2,Cyanobacteria,3.915799184679206,1.7218063790633076
2025-01-26,2,Cyanobacteria,3.8573213265591564,1.7428819200803445
2025-01-27,2,Cyanobacteria,3.352997032742153,1.7448904632586035
2025-01-28,2,Cyanobacteria,3.2743688951346277,1.809378034420944
2025-01-29,2,Cyanobacteria,2.925466971621161,1.8326631612730722
2025-01-30,2,Cyanobacteria,2.628274630141002,1.8426060574910725
2025-01-31,2,Cyanobacteria,2.704053863310373,1.8347455998143585
2025-02-01,2,Cyanobacteria,2.6427248849991547,1.7581919240372679
2025-02-02,2,Cyanobacteria,3.0344077921994477,1.7035043699527217
2025-02-03,2,Cyanobacteria,2.992498670394537,1.6677889056195068
2025-02-04,2,Cyanobacteria,2.742146055114392,1.6532572956965121
2025-02-05,2,Cyanobacteria,2.560704281809846,1.6450877035450844
2025-02-06,2,Cyanobacteria,2.569134520374191,1.613439069223559
2025-02-07,2,Cyanobacteria,2.6037166270405843,1.5857787164693657
2025-02-08,2,Cyanobacteria,2.221111502990765,1.5747920528647557
2025-02-09,2,Cyanobacteria,2.29789250579482,1.5531104664690867
2025-02-10,2,Cyanobacteria,2.6357472202525605,1.4901786493565303
2025-02-11,2,Cyanobacteria,2.7788157334832215,1.509983492949075
2025-02-12,2,Cyanobacteria,4.761676930996137,1.500316310264489
2025-02-13,2,Cyanobacteria,3.5937994570968677,1.486154251015065
2025-02-14,2,Cyanobacteria,3.7173086321689706,1.7308671101478756
2025-02-15,2,Cyanobacteria,4.066711315863672,1.7718563990181107
2025-02-16,2,Cyanobacteria,4.379374746544895,1.8914008164340497
2025-02-17,2,Cyanobacteria,3.8524308642228293,2.0112967722980137
2025-02-18,2,Cyanobacteria,3.6857537980583843,2.3185320420124653
2025-02-19,2,Cyanobacteria,3.244554018007749,2.451583911378966
2025-02-20,2,Cyanobacteria,4.558254850860375,2.2896660980431833
2025-02-21,2,Cyanobacteria,3.600341098579462,2.1792814835684653
2025-02-22,2,Cyanobacteria,3.050404199510989,2.248053794819149
2025-02-23,2,Cyanobacteria,3.8243463424832624,2.2035747411128894
2025-02-24,2,Cyanobacteria,3.242584361294891,2.1306240089893334
2025-02-25,2,Cyanobacteria,2.738734977207289,2.1814484530872478
2025-02-26,2,Cyanobacteria,5.764431911045802,2.146240470052745
2025-02-27,2,Cyanobacteria,5.699388924461207,2.0912280865763
2025-02-28,2,Cyanobacteria,5.294133606817816,2.4314744756053868
2025-03-01,2,Cyanobacteria,5.465034341378146,2.604008257066485
2025-03-02,2,Cyanobacteria,6.86691468449867,2.6405227588658784
2025-03-03,2,Cyanobacteria,6.505913863225841,2.6258929541551326
2025-03-04,2,Cyanobacteria,6.144913337386748,2.775948622941132
2025-03-05,2,Cyanobacteria,5.783912516113919,2.8203136853871094
2025-03-06,2,Cyanobacteria,3.995177650115812,2.834500413353426
2025-03-07,2,Cyanobacteria,3.5215851120230104,2.848541418629835
2025-03-08,2,Cyanobacteria,3.609642682016686,2.6876671141761435
2025-03-09,2,Cyanobacteria,4.0597282963806265,2.5359089715615952
2025-03-10,2,Cyanobacteria,4.439893608624863,2.4359684658690193
2025-03-11,2,Cyanobacteria,5.394914916920889,2.464333760444717
2025-03-12,2,Cyanobacteria,5.2924499299606715,2.5059143599360385
2025-03-13,2,Cyanobacteria,5.189984943000454,2.6525085424338597
2025-03-14,2,Cyanobacteria,5.087519956040236,2.70062941702675
2025-03-15,2,Cyanobacteria,4.985055264513753,2.83239434011332
2025-03-16,2,Cyanobacteria,4.882590277553535,2.8535277492132476
2025-03-17,2,Cyanobacteria,5.625519264168789,2.7825779343846593
2025-03-18,2,Cyanobacteria,4.509025693538941,2.740297304657682
2025-03-19,2,Cyanobacteria,4.394967148223492,2.82310678977852
2025-03-20,2,Cyanobacteria,4.700154037366948,2.770223929594916
2025-03-21,2,Cyanobacteria,4.005087974764502,2.747031421218786
2025-03-22,2,Cyanobacteria,4.032076880496924,2.7431282984256375
2025-03-23,2,Cyanobacteria,4.227482366226896,2.6347878361265793
2025-03-24,2,Cyanobacteria,4.505732345975332,2.637308144392711
2025-03-25,2,Cyanobacteria,5.035901773818768,2.676706301023367
2025-03-26,2,Cyanobacteria,4.455102389598249,2.7768186752914197
2025-03-27,2,Cyanobacteria,5.083039998879028,2.825010564768419
2025-03-28,2,Cyanobacteria,4.944103717303195,2.8760436404772394
2025-03-29,2,Cyanobacteria,4.4907801492010035,3.021545715243522
2025-03-30,2,Cyanobacteria,3.5802065509383874,3.0868967653555406
2025-03-31,2,Cyanobacteria,3.4690265642222684,3.0222204858948145
2025-04-01,2,Cyanobacteria,3.36960218126516,2.922781405109378
2025-04-02,2,Cyanobacteria,3.702667379400984,2.801318108653826
2025-04-03,2,Cyanobacteria,4.032964511154459,2.714027263061537
2025-04-04,2,Cyanobacteria,4.040228783553454,2.702484076158165
2025-04-05,2,Cyanobacteria,4.369511839010711,2.720640325649626
2025-04-06,2,Cyanobacteria,4.6987947467511,2.5462296167393195
2025-04-07,2,Cyanobacteria,3.820243506485091,2.4032163496171486
2025-04-08,2,Cyanobacteria,4.305716173656307,2.47193146674315
2025-04-09,2,Cyanobacteria,3.831089765207027,2.539987286559742
2025-04-10,2,Cyanobacteria,3.3564633567577467,2.6091043412825403
2025-04-11,2,Cyanobacteria,2.8818370221669,2.718936707015353
2025-04-12,2,Cyanobacteria,2.407210650646836,2.559106133019055
2025-04-13,2,Cyanobacteria,1.166469505252866,2.460010752455356
2025-04-14,2,Cyanobacteria,0.6653158062824787,2.282606265788975
2025-04-15,2,Cyanobacteria,0.045836907992278686,2.029703198769399
2025-04-16,2,Cyanobacteria,0.010000057323096723,1.791665230966081
2025-04-17,2,Cyanobacteria,0.010000057323096723,1.6125280254425067
2025-04-18,2,Cyanobacteria,0.010000057323096723,1.5156002791234942
2025-04-19,2,Cyanobacteria,0.012684220524636913,1.5156125396235067
2025-04-20,2,Cyanobacteria,0.19688641586363254,1.5074578299464918
2025-04-21,2,Cyanobacteria,0.36621204546452146,1.5373729329680512
2025-04-22,2,Cyanobacteria,0.28567001426166505,1.6779343955214494
2025-04-23,2,Cyanobacteria,0.01733656327035904,1.7370232475351959
2025-04-24,2,Cyanobacteria,0.5650278705172582,1.7486725690079536
2025-04-25,2,Cyanobacteria,1.8506289298637357,1.7344379807765278
2025-04-26,2,Cyanobacteria,1.6557591762834083,1.8276641639682605
2025-04-27,2,Cyanobacteria,1.979815288844506,1.971189519308952
2025-04-28,2,Cyanobacteria,2.455806139535393,2.030116325918918
2025-04-29,2,Cyanobacteria,1.6560965246798376,2.104255310990226
2025-04-30,2,Cyanobacteria,1.3113472546781484,2.2404185130425143
2025-05-01,2,Cyanobacteria,0.9400713219520396,2.268152281079915
2025-05-02,2,Cyanobacteria,1.3620850443685946,2.263901506638821
2025-05-03,2,Cyanobacteria,1.75639923213182,2.167003700682414
2025-05-04,2,Cyanobacteria,2.7952992371657426,2.318768241283791
2025-05-05,2,Cyanobacteria,1.6534901344090995,2.337523999682492
2025-05-06,2,Cyanobacteria,2.20842023289533,2.4278134607582693
2025-05-07,2,Cyanobacteria,1.6503234171302585,2.46413360408909
2025-05-08,2,Cyanobacteria,0.08253465256595605,2.4740396818778363
2025-05-09,2,Cyanobacteria,0.0698726581072231,2.5136789493656666
2025-05-10,2,Cyanobacteria,0.06358789625742167,2.1504417593431864
2025-05-11,2,Cyanobacteria,0.06894676878097483,1.9790881064021206
2025-05-12,2,Cyanobacteria,0.05612272891846137,1.7995231035976118
2025-05-13,2,Cyanobacteria,0.03229171438204004,1.62680035533361
2025-05-14,2,Cyanobacteria,0.05060181099112793,1.5534645438007741
2025-05-15,2,Cyanobacteria,0.02116892968391726,1.539433878705099
2025-05-16,2,Cyanobacteria,0.010023101154445602,1.470663256966089
2025-05-17,2,Cyanobacteria,0.010000057323096723,1.3922378976885903
2025-05-18,2,Cyanobacteria,0.012986153802054368,1.3466400641238825
2025-05-19,2,Cyanobacteria,0.02918980787886749,1.4087786416573145
2025-05-20,2,Cyanobacteria,0.7556977011881698,1.5506125003791826
2025-05-21,2,Cyanobacteria,0.12263889582384024,1.5925715874145663
2024-06-18,2,Diatoms,0.1470401187113014,0.10713181541553474
2024-06-19,2,Diatoms,0.17920445119949668,0.21028428220504336
2024-06-20,2,Diatoms,0.21136883906743364,0.2398997066995513
2024-06-21,2,Diatoms,0.24353317155562892,0.23395934332122437
2024-06-22,2,Diatoms,0.2756975040438242,0.260206738061852
2024-06-23,2,Diatoms,0.3078618365320194,0.22396612430256313
2024-06-24,2,Diatoms,0.34002616902021465,0.22855682799475274
2024-06-25,2,Diatoms,0.37219050150840993,0.22374305470280276
2024-06-26,2,Diatoms,0.4043548339966051,0.24383753861627522
2024-06-27,2,Diatoms,0.43651922186454206,0.2700833273443922
2024-06-28,2,Diatoms,0.46868355435273734,0.27658673655706967
2024-06-29,2,Diatoms,0.5008478868409326,0.27537818445290596
2024-06-30,2,Diatoms,0.5330122193291278,0.26740582759036624
2024-07-01,2,Diatoms,0.5651765518173231,0.26990378622164557
2024-07-02,2,Diatoms,0.5973409119953892,0.268763960376991
2024-07-03,2,Diatoms,0.6295052444835845,0.22683180441904838
2024-07-04,2,Diatoms,0.6616695769717797,0.24643612223831046
2024-07-05,2,Diatoms,0.6938339094599749,0.24940912829430306
2024-07-06,2,Diatoms,0.725998269638041,0.26854903159926746
2024-07-07,2,Diatoms,0.7581626021262362,0.26717633394056306
2024-07-08,2,Diatoms,0.7903269346144315,0.3120562427922613
2024-07-09,2,Diatoms,0.8224912809475622,0.3044925330440791
2024-07-10,2,Diatoms,0.8546556272806929,0.31853578333624544
2024-07-11,2,Diatoms,0.8868199597688882,0.31953322786486626
2024-07-12,2,Diatoms,0.9189843061020188,0.3447420863084961
2024-07-13,2,Diatoms,0.9511486455126817,0.39426658334110465
2024-07-14,2,Diatoms,0.9833129849233447,0.42147813938556267
2024-07-15,2,Diatoms,1.015477325199316,0.4310552904044721
2024-07-16,2,Diatoms,1.0476416654752876,0.4277251403939475
2024-07-17,2,Diatoms,1.0798060066165676,0.4542238484026271
2024-07-18,2,Diatoms,1.1119703425659966,0.44895103243132894
2024-07-19,2,Diatoms,1.1441346888991273,0.46673197225354246
2024-07-20,2,Diatoms,1.1762990213873226,0.4944453795177197
2024-07-21,2,Diatoms,1.2084633677204533,0.4845340671371037
2024-07-22,2,Diatoms,1.2406277002086483,0.5078752991700284
2024-07-23,2,Diatoms,1.2727920603867144,0.545608230830197
2024-07-24,2,Diatoms,1.3049563928749097,0.5935224234221319
2024-07-25,2,Diatoms,1.337120725363105,0.5927598443782638
2024-07-26,2,Diatoms,1.3692850578513003,0.6248994775016394
2024-07-27,2,Diatoms,1.4014494180293664,0.6272255651044043
2024-07-28,2,Diatoms,1.4336137505175617,0.6209262856198094
2024-07-29,2,Diatoms,1.4657780830057567,0.6105255270816257
2024-07-30,2,Diatoms,1.497942415493952,0.5905779656230103
2024-07-31,2,Diatoms,1.5301067479821473,0.5820341175155035
2024-08-01,2,Diatoms,1.5622711358500843,0.5591582691423569
2024-08-02,2,Diatoms,1.5944354683382795,0.5428009763412559
2024-08-03,2,Diatoms,1.6265998008264748,0.5269053290673651
2024-08-04,2,Diatoms,1.65876413331467,0.5005310039586512
2024-08-05,2,Diatoms,1.6909284658028652,0.4951101579376611
2024-08-06,2,Diatoms,1.7230927982910607,0.500802752351408
2024-08-07,2,Diatoms,1.7552571307792557,0.47722975609926843
2024-08-08,2,Diatoms,1.787421518647193,0.5092887009389175
2024-08-09,2,Diatoms,1.819585851135388,0.5291728525932315
2024-08-10,2,Diatoms,1.8517501836235832,0.5229897598068238
2024-08-11,2,Diatoms,1.8839145161117785,0.4875134418633973
2024-08-12,2,Diatoms,1.9160788485999736,0.49445130515008673
2024-08-13,2,Diatoms,1.948243181088169,0.507072348294426
2024-08-14,2,Diatoms,1.6887995577705937,0.5157439297762744
2024-08-15,2,Diatoms,1.0952901304907636,0.5558335463465236
2024-08-16,2,Diatoms,0.12010512909713222,0.5328657952919464
2024-08-17,2,Diatoms,0.1096410715141306,0.4406096249697815
2024-08-18,2,Diatoms,0.0991769585513873,0.31880963615918856
2024-08-19,2,Diatoms,0.08871284558864401,0.26326425360375183
2024-08-20,2,Diatoms,0.07824873262590071,0.22163818147844971
2024-08-21,2,Diatoms,0.06778461966315741,0.19367899892039542
2024-08-22,2,Diatoms,0.05732050670041411,0.18477825606719445
2024-08-23,2,Diatoms,0.0468563937376707,0.22328417816267987
2024-08-24,2,Diatoms,0.0363922807749274,0.23918192986675713
2024-08-25,2,Diatoms,0.0259281678121841,0.22878155898676555
2024-08-26,2,Diatoms,0.015464054849440911,0.1987644652253605
2024-08-27,2,Diatoms,0.005000052646181086,0.20100125299455684
2024-08-28,2,Diatoms,0.009999957250145464,0.22171466090180358
2024-08-29,2,Diatoms,0.009999957250145464,0.21590216934717243
2024-08-30,2,Diatoms,0.009999957250145464,0.2652035967800205
2024-08-31,2,Diatoms,0.04942246945130002,0.3171421521351603
2024-09-01,2,Diatoms,0.030651949023793867,0.3656194736310583
2024-09-02,2,Diatoms,0.10004088252265408,0.43110795653887435
2024-09-03,2,Diatoms,0.22404875087725096,0.3894627784026692
2024-09-04,2,Diatoms,0.3095800483994888,0.3407045708566261
2024-09-05,2,Diatoms,0.4216615017104899,0.2446394372767844
2024-09-06,2,Diatoms,0.34083659616095296,0.2386588682059485
2024-09-07,2,Diatoms,0.5051786380253577,0.22309273039545752
2024-09-08,2,Diatoms,0.06603993627913252,0.2246669549343825
2024-09-09,2,Diatoms,0.19430672829310747,0.23313568042220834
2024-09-10,2,Diatoms,0.3002735381785012,0.31677963634567874
2024-09-11,2,Diatoms,0.9913053581012924,0.37215959961251455
2024-09-12,2,Diatoms,1.683565341479294,0.3871333957052704
2024-09-13,2,Diatoms,3.4838042425523312,0.3978659342762656
2024-09-14,2,Diatoms,2.182177510863132,0.48202542021566697
2024-09-15,2,Diatoms,1.9313884674466886,0.6985550047541098
2024-09-16,2,Diatoms,2.253710969481437,0.6847337441567398
2024-09-17,2,Diatoms,2.038354327873214,0.6513840082964315
2024-09-18,2,Diatoms,2.7312905775063356,0.6454660460236417
2024-09-19,2,Diatoms,3.742915421280194,0.6764800305162502
2024-09-20,2,Diatoms,3.815068800727624,0.7144927129418581
2024-09-21,2,Diatoms,3.3351814081046083,0.8370037637915582
2024-09-22,2,Diatoms,2.220852507310174,0.9198512828815494
2024-09-23,2,Diatoms,1.001805438475684,0.920388805577422
2024-09-24,2,Diatoms,0.016862282569090947,0.8347249151085043
2024-09-25,2,Diatoms,0.01359720375512019,0.6786348839575306
2024-09-26,2,Diatoms,0.012097188070137266,0.5483754457658546
2024-09-27,2,Diatoms,0.11036726606767044,0.5236005983583027
2024-09-28,2,Diatoms,0.017431807833226065,0.5814751974719131
2024-09-29,2,Diatoms,0.4853130939642709,0.6049540204732105
2024-09-30,2,Diatoms,0.657896195198176,0.5682775681463659
2024-10-01,2,Diatoms,0.9030704250481575,0.5628435140569689
2024-10-02,2,Diatoms,0.6214444738633442,0.4970379267479045
2024-10-03,2,Diatoms,0.6168757836184995,0.443623501275184
2024-10-04,2,Diatoms,0.45914937801342426,0.4056576424212237
2024-10-05,2,Diatoms,0.8560529273896688,0.3961576353825691
2024-10-06,2,Diatoms,1.7966214782450574,0.3872441551887661
2024-10-07,2,Diatoms,2.6551261541235904,0.4045571361932101
2024-10-08,2,Diatoms,2.204155404413708,0.5125069284913697
2024-10-09,2,Diatoms,1.4238687711912852,0.701767971231096
2024-10-10,2,Diatoms,1.3468056730493267,0.7278144205787915
2024-10-11,2,Diatoms,1.4325203882762334,0.6270395722417441
2024-10-12,2,Diatoms,2.3505722422286457,0.5713393756182512
2024-10-13,2,Diatoms,3.6510986892087978,0.5810019498888067
2024-10-14,2,Diatoms,3.484083577969707,0.6946746016295784
2024-10-15,2,Diatoms,3.3170684667306167,0.898792575362037
2024-10-16,2,Diatoms,3.1500533554915258,1.0096670012423894
2024-10-17,2,Diatoms,2.983038244252435,1.0470198617349424
2024-10-18,2,Diatoms,2.816023243772827,1.0161404500147813
2024-10-19,2,Diatoms,2.6490081325337362,0.9609427466698884
2024-10-20,2,Diatoms,2.4819930212946453,0.9241980526562751
2024-10-21,2,Diatoms,2.314978020815038,0.9083758181525388
2024-10-22,2,Diatoms,2.1479629095759476,0.8512726311516053
2024-10-23,2,Diatoms,1.9809477983368564,0.7726491395612234
2024-10-24,2,Diatoms,1.8139327424775074,0.7201958295065372
2024-10-25,2,Diatoms,0.2406963442845943,0.6844461294679722
2024-10-26,2,Diatoms,0.1859125439376743,0.6391046858485474
2024-10-27,2,Diatoms,0.7062105341141101,0.53404455309505
2024-10-28,2,Diatoms,0.645077612515022,0.4592636818003919
2024-10-29,2,Diatoms,1.0117547084774174,0.4619430090858955
2024-10-30,2,Diatoms,1.063738072966099,0.4390535096064081
2024-10-31,2,Diatoms,0.7769926280862505,0.4874057836454394
2024-11-01,2,Diatoms,0.12952051589039615,0.5582530318837462
2024-11-02,2,Diatoms,0.010605147067966225,0.5548679451694079
2024-11-03,2,Diatoms,0.01678441865219349,0.4886264085333042
2024-11-04,2,Diatoms,0.009999957250145464,0.4165230369926721
2024-11-05,2,Diatoms,0.012130526674669628,0.36748327883958276
2024-11-06,2,Diatoms,0.009999957250145464,0.3895559271282891
2024-11-07,2,Diatoms,0.009999957250145464,0.37238338914891767
2024-11-08,2,Diatoms,0.010246286341440092,0.3309202996035796
2024-11-09,2,Diatoms,0.015168991585408076,0.2899823207694947
2024-11-10,2,Diatoms,0.009999957250145464,0.27072174500726165
2024-11-11,2,Diatoms,0.010168200905575686,0.31438435175559987
2024-11-12,2,Diatoms,0.010716128070429098,0.3731827403413065
2024-11-13,2,Diatoms,0.009999957250145464,0.3683322502805776
2024-11-14,2,Diatoms,0.010076713572208185,0.285938547406807
2024-11-15,2,Diatoms,0.010798422366666394,0.2776384532326035
2024-11-16,2,Diatoms,0.2556527511384413,0.22940214437279216
2024-11-17,2,Diatoms,0.5426029937645073,0.22711407496273728
2024-11-18,2,Diatoms,1.1463772776962717,0.19128598489972826
2024-11-19,2,Diatoms,1.0751592897768338,0.2616020306551896
2024-11-20,2,Diatoms,0.37024395896571405,0.3119114801473323
2024-11-21,2,Diatoms,0.2844877089324964,0.3378918891529935
2024-11-22,2,Diatoms,0.1552930293455359,0.28946485246260256
2024-11-23,2,Diatoms,0.759390924798204,0.2406963996643361
2024-11-24,2,Diatoms,2.356500422063788,0.24245465108508912
2024-11-25,2,Diatoms,2.299424066547732,0.2748649250063867
2024-11-26,2,Diatoms,2.2209213997089083,0.47623945555733305
2024-11-27,2,Diatoms,2.0964624079780334,0.6051874460846778
2024-11-28,2,Diatoms,1.6569120132316542,0.6387635189495097
2024-11-29,2,Diatoms,1.2173616461751464,0.6541326156388617
2024-11-30,2,Diatoms,0.7778112514287675,0.6063597244579966
2024-12-01,2,Diatoms,0.33826088437225954,0.5906662686212273
2024-12-02,2,Diatoms,0.8960657876378555,0.5598190048411508
2024-12-03,2,Diatoms,1.4538707185933224,0.5053045161783506
2024-12-04,2,Diatoms,2.0116755803241118,0.5060333135797526
2024-12-05,2,Diatoms,2.5694804974346432,0.5333967208760833
2024-12-06,2,Diatoms,2.661596833908895,0.6440480477361874
2024-12-07,2,Diatoms,2.7537131703831466,0.658143548814693
2024-12-08,2,Diatoms,2.845829506857398,0.672450406677579
2024-12-09,2,Diatoms,1.238424943290756,0.7639752321302218
2024-12-10,2,Diatoms,1.216702447264186,0.7970161428606731
2024-12-11,2,Diatoms,1.5076900253579615,0.7641756237257364
2024-12-12,2,Diatoms,1.3567113643861552,0.7497898497308595
2024-12-13,2,Diatoms,0.5906684007412846,0.7585847618975803
2024-12-14,2,Diatoms,0.4890478483680054,0.7683955877367948
2024-12-15,2,Diatoms,0.3876108798386205,0.7546990146279702
2024-12-16,2,Diatoms,0.3763211103061582,0.6676026579140668
2024-12-17,2,Diatoms,0.29494373645294447,0.600898146636951
2024-12-18,2,Diatoms,0.6117096567196787,0.5607602389318975
2024-12-19,2,Diatoms,0.6116438378966114,0.5812041413259281
2024-12-20,2,Diatoms,0.5014866367822525,0.5010845244774212
2024-12-21,2,Diatoms,0.9484899541034469,0.4915671281998577
2024-12-22,2,Diatoms,0.9497447413695024,0.4769123747993115
2024-12-23,2,Diatoms,1.307469110207365,0.5340766733452637
2024-12-24,2,Diatoms,3.0227678925013226,0.6208185720221098
2024-12-25,2,Diatoms,3.0469617510381974,0.6421041634210956
2024-12-26,2,Diatoms,3.056323807140158,0.9287364363374484
2024-12-27,2,Diatoms,3.065685863242119,1.085772298097734
2024-12-28,2,Diatoms,3.0750479193440796,1.1020611276930992
2024-12-29,2,Diatoms,3.0844099754460403,1.0945312965019312
2024-12-30,2,Diatoms,3.0937722530669687,1.1299067540906995
2024-12-31,2,Diatoms,3.1031343091689294,1.1127303533743411
2025-01-01,2,Diatoms,3.11249636527089,1.1540104474855413
2025-01-02,2,Diatoms,3.121858421372851,1.15918395373495
2025-01-03,2,Diatoms,3.1312204774748116,1.1949261775083788
2025-01-04,2,Diatoms,3.1405825335767723,1.184838425270554
2025-01-05,2,Diatoms,3.1499448111976998,1.2004854590388032
2025-01-06,2,Diatoms,3.1593068672996605,1.2052810954653308
2025-01-07,2,Diatoms,3.168668923401621,1.2007253502351196
2025-01-08,2,Diatoms,3.178030979503582,1.2491239355831876
2025-01-09,2,Diatoms,3.1873930356055427,1.2565388399652933
2025-01-10,2,Diatoms,3.19675531322647,1.2396234162819217
2025-01-11,2,Diatoms,3.206117369328431,1.2055688486034528
2025-01-12,2,Diatoms,3.2154794254303916,1.2241086570268374
2025-01-13,2,Diatoms,3.2248414815323523,1.2345550484722212
2025-01-14,2,Diatoms,3.234203537634313,1.3047805621948603
2025-01-15,2,Diatoms,3.2435655937362737,1.2887036847160995
2025-01-16,2,Diatoms,2.9542715696799546,1.300388588705933
2025-01-17,2,Diatoms,2.1453240648816614,1.3118849523649856
2025-01-18,2,Diatoms,2.1303962339745564,1.2854696739372493
2025-01-19,2,Diatoms,2.6871867049757503,1.1657821730654998
2025-01-20,2,Diatoms,2.5049454875405,1.1042649091362138
2025-01-21,2,Diatoms,2.6929990303911557,1.174922488681502
2025-01-22,2,Diatoms,2.7993976915026995,1.1635050965341818
2025-01-23,2,Diatoms,2.9239197053796837,1.2022204925028286
2025-01-24,2,Diatoms,3.0675517175010887,1.206966702509846
2025-01-25,2,Diatoms,2.6825037940135505,1.2700025827948744
2025-01-26,2,Diatoms,2.060817126442534,1.3036997711549088
2025-01-27,2,Diatoms,0.9319195323662293,1.2551134761721865
2025-01-28,2,Diatoms,0.894885631496273,1.056244043047354
2025-01-29,2,Diatoms,0.3764848682025066,0.8284329872846266
2025-01-30,2,Diatoms,0.307255262220655,0.7064830024435096
2025-01-31,2,Diatoms,0.482759035654601,0.5745191973198012
2025-02-01,2,Diatoms,0.5170904881968738,0.5567159671515342
2025-02-02,2,Diatoms,0.8811941256338183,0.5743711672701091
2025-02-03,2,Diatoms,0.6260501854655476,0.5871873686243679
2025-02-04,2,Diatoms,0.3180080697771299,0.6391996897955159
2025-02-05,2,Diatoms,0.14018238991092113,0.639407889934617
2025-02-06,2,Diatoms,0.06326629729343225,0.6011069282633403
2025-02-07,2,Diatoms,0.05520788031221635,0.516410868006144
2025-02-08,2,Diatoms,0.012340526655377548,0.5030681714470882
2025-02-09,2,Diatoms,0.03574854665685023,0.5098252198769709
2025-02-10,2,Diatoms,0.1375051670556039,0.480042880840835
2025-02-11,2,Diatoms,0.19643020911068776,0.3658768786707024
2025-02-12,2,Diatoms,0.9285940411764791,0.430122030996537
2025-02-13,2,Diatoms,0.788530554241485,0.4937471517337626
2025-02-14,2,Diatoms,0.5877325821818757,0.6252065858595022
2025-02-15,2,Diatoms,0.5414111663423513,0.6300699240203166
2025-02-16,2,Diatoms,0.7165380529438322,0.6586578604763054
2025-02-17,2,Diatoms,0.4559160871712167,0.6131245260517241
2025-02-18,2,Diatoms,0.23179106029257002,0.6551618481392458
2025-02-19,2,Diatoms,0.07829912819089124,0.588870746634278
2025-02-20,2,Diatoms,0.42015738792461776,0.5155477193512616
2025-02-21,2,Diatoms,0.24066726992017673,0.41989256199957947
2025-02-22,2,Diatoms,0.11377201259032943,0.47321533399970717
2025-02-23,2,Diatoms,0.4151132902867384,0.408431281406924
2025-02-24,2,Diatoms,0.240283488309864,0.3475188819394761
2025-02-25,2,Diatoms,0.1421626033365997,0.38737402068316484
2025-02-26,2,Diatoms,2.269034100985138,0.35993114345742594
2025-02-27,2,Diatoms,3.474883895270551,0.3018634351843408
2025-02-28,2,Diatoms,3.2469592643105836,0.5116071184474503
2025-03-01,2,Diatoms,3.532653605153291,0.7036778246948838
2025-03-02,2,Diatoms,3.9803091020031793,0.7648851212871393
2025-03-03,2,Diatoms,4.303641730527409,0.862155082683512
2025-03-04,2,Diatoms,3.78357367703871,0.9436650010261316
2025-03-05,2,Diatoms,3.263505623550012,1.032041143767639
2025-03-06,2,Diatoms,2.445893625876814,0.9958558457172715
2025-03-07,2,Diatoms,2.1873904059538587,0.9089787512458832
2025-03-08,2,Diatoms,2.4192182011122165,0.7785749380674707
2025-03-09,2,Diatoms,2.5616369538514094,0.6874881940619245
2025-03-10,2,Diatoms,2.5623639791010753,0.673112222281337
2025-03-11,2,Diatoms,3.1053574735216554,0.6810209201307376
2025-03-12,2,Diatoms,3.6151816039008002,0.7115526855220764
2025-03-13,2,Diatoms,3.107029941722441,0.81367382922595
2025-03-14,2,Diatoms,3.2260108801591008,0.9474419201807394
2025-03-15,2,Diatoms,3.3501793497647663,0.9763663370251204
2025-03-16,2,Diatoms,1.9443292178401383,0.9565337023755673
2025-03-17,2,Diatoms,2.099320002652223,0.9713850054020445
2025-03-18,2,Diatoms,1.8463188708314027,0.8042847201201455
2025-03-19,2,Diatoms,1.780256819938304,0.7513089991166162
2025-03-20,2,Diatoms,1.7156178068891585,0.649772790090019
2025-03-21,2,Diatoms,1.4939619411760823,0.6066776041756294
2025-03-22,2,Diatoms,1.3128380931002082,0.561951069518702
2025-03-23,2,Diatoms,1.297631314433919,0.5393093943835363
2025-03-24,2,Diatoms,1.2957249775837323,0.5026885986971482
2025-03-25,2,Diatoms,1.8340092833546535,0.496224010683436
2025-03-26,2,Diatoms,2.4745909650126254,0.5094584952271165
2025-03-27,2,Diatoms,2.922641983978077,0.5577480240187475
2025-03-28,2,Diatoms,3.370692892184045,0.6304702364835411
2025-03-29,2,Diatoms,3.81874402190898,0.7301578974204652
2025-03-30,2,Diatoms,2.0619658130458682,0.8116522886679921
2025-03-31,2,Diatoms,1.6932653247654001,0.8881824260203046
2025-04-01,2,Diatoms,1.7591859357980748,0.7553135082424045
2025-04-02,2,Diatoms,1.9053805900891203,0.719973590602903
2025-04-03,2,Diatoms,1.9544381805190527,0.7365129719948711
2025-04-04,2,Diatoms,1.9513602298524477,0.7756679446636415
2025-04-05,2,Diatoms,2.6457309809360643,0.8516347039031529
2025-04-06,2,Diatoms,1.5750193308814766,0.9126205369081586
2025-04-07,2,Diatoms,1.3240417748241233,1.0958371923471524
2025-04-08,2,Diatoms,1.8360576692424235,1.102875472950566
2025-04-09,2,Diatoms,1.4853138130148642,1.064015549700893
2025-04-10,2,Diatoms,1.1345699567873047,1.030868076233
2025-04-11,2,Diatoms,0.7838261005597453,1.0125816162831767
2025-04-12,2,Diatoms,0.4330822443321859,0.8809988705093507
2025-04-13,2,Diatoms,0.14059413829081646,0.773684186934491
2025-04-14,2,Diatoms,0.02042419679883034,0.6084281301224086
2025-04-15,2,Diatoms,0.010812378061586747,0.49081905864832753
2025-04-16,2,Diatoms,0.009999957250145464,0.45274454474105796
2025-04-17,2,Diatoms,0.009999957250145464,0.3883700253385003
2025-04-18,2,Diatoms,0.009999957250145464,0.3420354568103108
2025-04-19,2,Diatoms,0.07066071117109118,0.27910335816131815
2025-04-20,2,Diatoms,0.2692292609671566,0.2882776215590118
2025-04-21,2,Diatoms,0.17088181747040176,0.2772427095980732
2025-04-22,2,Diatoms,0.5292603525851932,0.20899166365290645
2025-04-23,2,Diatoms,0.009999957250145464,0.13126503313519577
2025-04-24,2,Diatoms,0.009999957250145464,0.1900955973508578
2025-04-25,2,Diatoms,0.009999957250145464,0.17591893726082086
2025-04-26,2,Diatoms,0.009999957250145464,0.15538235686897517
2025-04-27,2,Diatoms,0.009999957250145464,0.1693282495751488
2025-04-28,2,Diatoms,1.400903013807411,0.19180223485230186
2025-04-29,2,Diatoms,0.6915927466911804,0.2078347254680517
2025-04-30,2,Diatoms,2.6862102493692515,0.3606713490856279
2025-05-01,2,Diatoms,2.7766759372609666,0.3309225147932495
2025-05-02,2,Diatoms,2.8671415143931975,0.6279745761115443
2025-05-03,2,Diatoms,2.9576072022849123,0.8516653012104687
2025-05-04,2,Diatoms,3.048072890176627,0.9561437113117112
2025-05-05,2,Diatoms,3.436536303856723,1.1195084876408943
2025-05-06,2,Diatoms,2.6573452203754275,1.1670569178059877
2025-05-07,2,Diatoms,1.878154192273874,1.035324241765081
2025-05-08,2,Diatoms,0.052604146374198524,0.9691462931868224
2025-05-09,2,Diatoms,0.041794020785014596,0.7176213637620332
2025-05-10,2,Diatoms,0.03407408478536167,0.31425243721075646
2025-05-11,2,Diatoms,0.03515044544597323,0.1319958795870424
2025-05-12,2,Diatoms,0.0236227091632204,0.05522538031060864
2025-05-13,2,Diatoms,0.01047456163692484,0.014421586590778857
2025-05-14,2,Diatoms,0.020798563853046126,-0.04755919885446902
2025-05-15,2,Diatoms,0.009999957250145464,-0.10134389328051574
2025-05-16,2,Diatoms,0.010046254714246805,-0.11294218335425543
2025-05-17,2,Diatoms,0.009999957250145464,-0.06434900743862082
2025-05-18,2,Diatoms,0.009999957250145464,0.003241081288785086
2025-05-19,2,Diatoms,0.009999957250145464,-0.00987417067091223
2025-05-20,2,Diatoms,0.009999957250145464,-0.1067893832865836
2025-05-21,2,Diatoms,0.009999957250145464,-0.13879289300474307
2024-06-18,2,Cryptophyta,0.002745025702930448,3.0741052182671655
2024-06-19,2,Cryptophyta,0.9476101942958886,3.4685424137284313
2024-06-20,2,Cryptophyta,2.764880160836878,3.1440501449682148
2024-06-21,2,Cryptophyta,3.074445027815206,2.574661727634389
2024-06-22,2,Cryptophyta,2.9157791283390555,2.3330760085716515
2024-06-23,2,Cryptophyta,2.519238984848534,2.0170304006796247
2024-06-24,2,Cryptophyta,2.37023980745158,1.9500897549130682
2024-06-25,2,Cryptophyta,2.1752261837474896,2.0171003107218892
2024-06-26,2,Cryptophyta,2.1232462811434787,2.1674735647449253
2024-06-27,2,Cryptophyta,2.128576557179473,2.4203554416083124
2024-06-28,2,Cryptophyta,2.1339068332154674,2.6463761611085896
2024-06-29,2,Cryptophyta,2.1392371102318024,2.7869548566502633
2024-06-30,2,Cryptophyta,2.144567387248137,2.8826343334033058
2024-07-01,2,Cryptophyta,2.1498976632841313,3.030768458336521
2024-07-02,2,Cryptophyta,2.155227940055381,3.1287435317926118
2024-07-03,2,Cryptophyta,2.1605582163364603,3.0869175942247473
2024-07-04,2,Cryptophyta,2.1658884923724546,3.161561253764193
2024-07-05,2,Cryptophyta,2.1712187693887897,3.0746309944880994
2024-07-06,2,Cryptophyta,2.176549045424784,3.0784246142282625
2024-07-07,2,Cryptophyta,2.1818793214607783,2.992330452078681
2024-07-08,2,Cryptophyta,2.1872095994574536,3.0178145368951173
2024-07-09,2,Cryptophyta,2.192539875493448,2.852734606716117
2024-07-10,2,Cryptophyta,2.1978701515294423,2.7697191215814545
2024-07-11,2,Cryptophyta,2.203200427565436,2.6471487635411175
2024-07-12,2,Cryptophyta,2.2085307036014306,2.603942443797027
2024-07-13,2,Cryptophyta,2.213860979637425,2.400647601488777
2024-07-14,2,Cryptophyta,2.2191912556734192,2.317374027990772
2024-07-15,2,Cryptophyta,2.2245215317094136,2.342043065552071
2024-07-16,2,Cryptophyta,2.229851807745408,2.364871635372931
2024-07-17,2,Cryptophyta,2.2351820837814023,2.515814004510053
2024-07-18,2,Cryptophyta,2.2405123598173966,2.4760118034584457
2024-07-19,2,Cryptophyta,2.2458426436961147,2.586461639286814
2024-07-20,2,Cryptophyta,2.251172919732109,2.545561080416152
2024-07-21,2,Cryptophyta,2.2565031957681034,2.4873378263523125
2024-07-22,2,Cryptophyta,2.2618334718040978,2.3983695724876224
2024-07-23,2,Cryptophyta,2.267163747840092,2.186727326826876
2024-07-24,2,Cryptophyta,2.2724940238760865,1.9570782024114683
2024-07-25,2,Cryptophyta,2.277824299912081,1.6723485446318076
2024-07-26,2,Cryptophyta,2.283154575948075,1.4627863776169603
2024-07-27,2,Cryptophyta,2.2884848519840695,1.332469164976243
2024-07-28,2,Cryptophyta,2.293815128020064,1.2430802430784613
2024-07-29,2,Cryptophyta,2.299145404056058,1.1887007394469713
2024-07-30,2,Cryptophyta,2.304475680092052,1.1106664507004245
2024-07-31,2,Cryptophyta,2.3098059561280464,1.1449619928519443
2024-08-01,2,Cryptophyta,2.3151362321640407,1.0933121963856318
2024-08-02,2,Cryptophyta,2.320466508200035,0.9982674156052584
2024-08-03,2,Cryptophyta,2.3257967842360294,1.0870954886201132
2024-08-04,2,Cryptophyta,2.3311270602720238,0.933934867724616
2024-08-05,2,Cryptophyta,2.336457336308018,0.8980774313912421
2024-08-06,2,Cryptophyta,2.3417876123440124,1.0103773344542986
2024-08-07,2,Cryptophyta,2.347117888380007,0.9978427791537927
2024-08-08,2,Cryptophyta,2.352448164416001,1.0672042071848316
2024-08-09,2,Cryptophyta,2.3577784404519955,1.0967656301269995
2024-08-10,2,Cryptophyta,2.36310871648799,1.0219547009688172
2024-08-11,2,Cryptophyta,2.368438992523984,1.1260862500696511
2024-08-12,2,Cryptophyta,2.373769268559978,1.3071797679418546
2024-08-13,2,Cryptophyta,2.3790995445959724,1.3924633061326688
2024-08-14,2,Cryptophyta,1.8281220788457913,1.435654630588358
2024-08-15,2,Cryptophyta,1.8398682521529617,1.4115337994388022
2024-08-16,2,Cryptophyta,1.8754122304911345,1.2691027779579116
2024-08-17,2,Cryptophyta,2.2829988037628097,1.2521579765808057
2024-08-18,2,Cryptophyta,2.6205041751601814,1.210515245046966
2024-08-19,2,Cryptophyta,2.436184944882396,1.2384835283946276
2024-08-20,2,Cryptophyta,2.5350920476656915,1.218938832620974
2024-08-21,2,Cryptophyta,2.2556443704272677,1.2587765455271218
2024-08-22,2,Cryptophyta,2.1890338641299865,1.2551870248378776
2024-08-23,2,Cryptophyta,3.221494974574466,1.1028124958602903
2024-08-24,2,Cryptophyta,3.6749600248462615,0.9416384304881893
2024-08-25,2,Cryptophyta,3.7192390410162846,1.0358444789867667
2024-08-26,2,Cryptophyta,3.299042951687545,1.3332054399109285
2024-08-27,2,Cryptophyta,2.6530120154187324,1.6046231715813275
2024-08-28,2,Cryptophyta,1.6714567641644749,1.931582855443283
2024-08-29,2,Cryptophyta,1.7424022656010072,2.1507359053956736
2024-08-30,2,Cryptophyta,1.8133477670375395,2.4089636496304845
2024-08-31,2,Cryptophyta,1.9049246677788279,2.9002290770086523
2024-09-01,2,Cryptophyta,1.7898467934267333,3.395298774546256
2024-09-02,2,Cryptophyta,1.5588738015046708,3.6874822827554423
2024-09-03,2,Cryptophyta,1.5905511286562402,3.664726211075787
2024-09-04,2,Cryptophyta,1.6161115702341176,3.717301198013925
2024-09-05,2,Cryptophyta,1.4786128065432127,3.3702487374501566
2024-09-06,2,Cryptophyta,1.5527205884331359,3.181171075518435
2024-09-07,2,Cryptophyta,1.4723501717856027,2.7654977910419944
2024-09-08,2,Cryptophyta,2.0862079403596456,2.6815429985321995
2024-09-09,2,Cryptophyta,2.0419212932191133,2.400219482867829
2024-09-10,2,Cryptophyta,2.090546374533397,2.4815154507524944
2024-09-11,2,Cryptophyta,2.3104298448269622,2.681485527050293
2024-09-12,2,Cryptophyta,3.094108305576636,2.87330375047729
2024-09-13,2,Cryptophyta,3.528574011734964,2.736118068330832
2024-09-14,2,Cryptophyta,2.602287346682453,2.584169493382352
2024-09-15,2,Cryptophyta,2.2449440165306784,2.435981096798647
2024-09-16,2,Cryptophyta,2.502205968511209,2.075118210898961
2024-09-17,2,Cryptophyta,2.5702763900494014,1.7534930067730956
2024-09-18,2,Cryptophyta,2.713775653288959,1.589180408716055
2024-09-19,2,Cryptophyta,3.5114741126468623,1.4402382322375642
2024-09-20,2,Cryptophyta,3.980603906245704,1.3893142955683861
2024-09-21,2,Cryptophyta,3.0523735318332363,1.3518625902882415
2024-09-22,2,Cryptophyta,2.4727162280669432,1.2147239644861387
2024-09-23,2,Cryptophyta,1.9942079795544276,1.0189797361368582
2024-09-24,2,Cryptophyta,2.9208920824913673,0.8122412634923146
2024-09-25,2,Cryptophyta,2.9024239103929865,0.7105823684328907
2024-09-26,2,Cryptophyta,3.1288010660163104,0.7163140821425835
2024-09-27,2,Cryptophyta,2.221468453345824,1.017649484652819
2024-09-28,2,Cryptophyta,2.7523314258912728,1.525381479780406
2024-09-29,2,Cryptophyta,2.3162826815670265,1.900406615617309
2024-09-30,2,Cryptophyta,2.1363064577711186,2.1419762884666214
2024-10-01,2,Cryptophyta,1.7694676004422758,2.3784785733904066
2024-10-02,2,Cryptophyta,1.6972041449130293,2.3148107434301326
2024-10-03,2,Cryptophyta,1.6964924020192014,2.1695465221973786
2024-10-04,2,Cryptophyta,1.6063732283988117,2.0954017069644473
2024-10-05,2,Cryptophyta,1.7566255789877498,2.0482465913419565
2024-10-06,2,Cryptophyta,2.2538268191265294,2.033336788632857
2024-10-07,2,Cryptophyta,3.699211358924164,1.9340927624239748
2024-10-08,2,Cryptophyta,3.2300454260528566,1.906055400362799
2024-10-09,2,Cryptophyta,2.185511259523097,2.0714756420241796
2024-10-10,2,Cryptophyta,1.7381225224527537,1.9244417257928967
2024-10-11,2,Cryptophyta,2.1695930628826274,1.619923636061268
2024-10-12,2,Cryptophyta,3.615094316139031,1.4438354701672829
2024-10-13,2,Cryptophyta,4.451906071667175,1.4481125781602526
2024-10-14,2,Cryptophyta,6.824822748154279,1.7066509256387072
2024-10-15,2,Cryptophyta,7.653709587874999,1.8998673499109928
2024-10-16,2,Cryptophyta,6.336689093032911,2.154502922615827
2024-10-17,2,Cryptophyta,4.187597737985618,2.343392453282815
2024-10-18,2,Cryptophyta,5.222602910474067,2.232429515075592
2024-10-19,2,Cryptophyta,5.548097040176513,1.866387137352676
2024-10-20,2,Cryptophyta,3.4983329696967154,1.7823368518347353
2024-10-21,2,Cryptophyta,1.4413168891337815,1.7495249962207504
2024-10-22,2,Cryptophyta,1.4861598285345627,1.4983725184396757
2024-10-23,2,Cryptophyta,2.089091415894091,1.0705474663386145
2024-10-24,2,Cryptophyta,1.4944832174659894,0.7886011599566964
2024-10-25,2,Cryptophyta,2.2311297482599715,0.6304351243411885
2024-10-26,2,Cryptophyta,2.0667359544807455,0.5006072976817706
2024-10-27,2,Cryptophyta,3.0926907175174727,0.5228190215699198
2024-10-28,2,Cryptophyta,3.009489077484539,0.5493323227501035
2024-10-29,2,Cryptophyta,3.9221535268931076,0.7479478664901758
2024-10-30,2,Cryptophyta,6.976555993270987,0.89385453230697
2024-10-31,2,Cryptophyta,5.319869754576708,1.0160697718019023
2024-11-01,2,Cryptophyta,4.104826506649058,1.470683373326732
2024-11-02,2,Cryptophyta,3.215186914759105,1.6370613057084396
2024-11-03,2,Cryptophyta,3.5156130632128035,1.6571573136125646
2024-11-04,2,Cryptophyta,7.386179588633475,1.6131088107880922
2024-11-05,2,Cryptophyta,3.8391403632047663,1.6295425175237028
2024-11-06,2,Cryptophyta,3.8090653359494047,2.3053503163645916
2024-11-07,2,Cryptophyta,1.380876779316449,2.4989671430709994
2024-11-08,2,Cryptophyta,2.144749176199958,2.6467103238953076
2024-11-09,2,Cryptophyta,3.730439078390863,2.454332129970478
2024-11-10,2,Cryptophyta,6.114696835802028,2.462714558928623
2024-11-11,2,Cryptophyta,3.0925097074461845,2.8528481066187026
2024-11-12,2,Cryptophyta,1.9874740284517511,3.432559619293694
2024-11-13,2,Cryptophyta,3.9948277215667867,3.4465487803109225
2024-11-14,2,Cryptophyta,1.399502872506487,3.258513886970123
2024-11-15,2,Cryptophyta,1.2018556228496702,3.3874923152430245
2024-11-16,2,Cryptophyta,0.6764183330783968,3.021592094736407
2024-11-17,2,Cryptophyta,1.9781494373669168,2.7681949352168775
2024-11-18,2,Cryptophyta,1.0880618377078015,2.299632343107451
2024-11-19,2,Cryptophyta,0.3114371543479417,2.2348152560489773
2024-11-20,2,Cryptophyta,0.04219555900771965,2.01062474600607
2024-11-21,2,Cryptophyta,0.010152823656780274,1.7370866554590039
2024-11-22,2,Cryptophyta,0.013523563715666764,1.4793704136873393
2024-11-23,2,Cryptophyta,0.032686663907492086,1.2266505518175692
2024-11-24,2,Cryptophyta,0.04026612340555147,1.084449667231474
2024-11-25,2,Cryptophyta,0.9858058917511927,0.9333900179987695
2024-11-26,2,Cryptophyta,0.5376708822336695,0.9809382580074555
2024-11-27,2,Cryptophyta,0.6936988030452398,1.1053576794138007
2024-11-28,2,Cryptophyta,2.180165380387587,1.1433285102848774
2024-11-29,2,Cryptophyta,3.6666319302804,1.1639717521029627
2024-11-30,2,Cryptophyta,5.1530985566397725,1.12548625030822
2024-12-01,2,Cryptophyta,6.63956530848273,1.3467693370587668
2024-12-02,2,Cryptophyta,5.564529115625519,1.7544294280257737
2024-12-03,2,Cryptophyta,4.489492922768308,2.294432868023317
2024-12-04,2,Cryptophyta,3.4144568553946835,2.596581576703948
2024-12-05,2,Cryptophyta,2.3394207095938175,2.7527485333276416
2024-12-06,2,Cryptophyta,1.2787135029873247,2.57295439797758
2024-12-07,2,Cryptophyta,1.5026243414902782,2.2520061464216155
2024-12-08,2,Cryptophyta,2.1466414000371463,1.6395251131571111
2024-12-09,2,Cryptophyta,2.6881830879133344,1.3118476318183538
2024-12-10,2,Cryptophyta,3.16724032711,1.200909413877366
2024-12-11,2,Cryptophyta,3.626921144020427,1.2235959049091676
2024-12-12,2,Cryptophyta,3.973618235071621,1.4770943924235431
2024-12-13,2,Cryptophyta,2.1050114947883354,1.7641792516091024
2024-12-14,2,Cryptophyta,2.0482325371804424,1.9814315546439336
2024-12-15,2,Cryptophyta,1.8027912408574733,1.9541762847113973
2024-12-16,2,Cryptophyta,1.8866856443920115,2.0734608707653055
2024-12-17,2,Cryptophyta,1.8694591323666963,2.0919261724266804
2024-12-18,2,Cryptophyta,2.977040402736291,2.0497113063299923
2024-12-19,2,Cryptophyta,2.874582930142255,2.0950636071302515
2024-12-20,2,Cryptophyta,2.561168446373981,2.258285815575882
2024-12-21,2,Cryptophyta,3.6951114337531417,2.3957698663164515
2024-12-22,2,Cryptophyta,3.2092366086444315,2.4039752693071303
2024-12-23,2,Cryptophyta,2.656870227834248,2.5109382770750868
2024-12-24,2,Cryptophyta,5.87497801445981,2.5580140713864417
2024-12-25,2,Cryptophyta,4.855693676460879,2.419845790028044
2024-12-26,2,Cryptophyta,4.76283055328842,2.9482828276393036
2024-12-27,2,Cryptophyta,4.669967430115961,2.9769129114139834
2024-12-28,2,Cryptophyta,4.577104306943503,2.8876354816814285
2024-12-29,2,Cryptophyta,4.484241183771044,2.707080037421484
2024-12-30,2,Cryptophyta,4.391378060598585,2.5130696785072293
2024-12-31,2,Cryptophyta,4.298514937426127,2.342040210800514
2025-01-01,2,Cryptophyta,4.2056518142536685,2.1933748824813155
2025-01-02,2,Cryptophyta,4.11278869108121,2.1242955101783445
2025-01-03,2,Cryptophyta,4.019925567908752,2.0262880933282337
2025-01-04,2,Cryptophyta,3.9270624447362925,1.9859774171049667
2025-01-05,2,Cryptophyta,3.8341994470474194,1.8863327218093437
2025-01-06,2,Cryptophyta,3.7413363238749606,1.8296146119760648
2025-01-07,2,Cryptophyta,3.648473200702502,1.7527818912971924
2025-01-08,2,Cryptophyta,3.5556100775300434,1.7293735559429741
2025-01-09,2,Cryptophyta,3.462746954357585,1.6961405460470058
2025-01-10,2,Cryptophyta,3.3698838311851267,1.6619096906835267
2025-01-11,2,Cryptophyta,3.277020708012668,1.5141467461945894
2025-01-12,2,Cryptophyta,3.184157584840209,1.4822646925741765
2025-01-13,2,Cryptophyta,3.0912944616677507,1.4559568080225533
2025-01-14,2,Cryptophyta,2.9984314012370845,1.5315370142982623
2025-01-15,2,Cryptophyta,2.905568278064626,1.36484098102871
2025-01-16,2,Cryptophyta,2.351654025863206,1.3052225377256201
2025-01-17,2,Cryptophyta,2.4413867414128507,1.206979996008212
2025-01-18,2,Cryptophyta,3.198122527525543,1.127052285448377
2025-01-19,2,Cryptophyta,3.975173102172718,1.0023102457451294
2025-01-20,2,Cryptophyta,2.933089965333456,1.0302255750199427
2025-01-21,2,Cryptophyta,3.5161250362393934,1.1860650822287129
2025-01-22,2,Cryptophyta,3.4399089418969577,1.27831070067964
2025-01-23,2,Cryptophyta,3.7334368812352827,1.3827934155929524
2025-01-24,2,Cryptophyta,4.019350225671762,1.4708144409312105
2025-01-25,2,Cryptophyta,4.010972063155506,1.657982744634356
2025-01-26,2,Cryptophyta,4.147743022053709,1.790003396940749
2025-01-27,2,Cryptophyta,3.371661808100262,1.812398577830093
2025-01-28,2,Cryptophyta,3.0526817822596626,1.7615151096170607
2025-01-29,2,Cryptophyta,2.662641406131407,1.6851661908999571
2025-01-30,2,Cryptophyta,2.1321579959415744,1.655521760566346
2025-01-31,2,Cryptophyta,2.038503998750211,1.4671962472428055
2025-02-01,2,Cryptophyta,1.8545293463966934,1.4396611959721786
2025-02-02,2,Cryptophyta,2.240422591997814,1.4868223191212984
2025-02-03,2,Cryptophyta,2.1188428288265952,1.6080185691646565
2025-02-04,2,Cryptophyta,1.4899597224539733,1.647861677864957
2025-02-05,2,Cryptophyta,1.3669201812895144,1.7167342845908289
2025-02-06,2,Cryptophyta,1.4244425467896242,1.6085066375683135
2025-02-07,2,Cryptophyta,1.44331251732701,1.4762520838595765
2025-02-08,2,Cryptophyta,0.7937595391667596,1.4090864930815514
2025-02-09,2,Cryptophyta,0.8798130446348178,1.4266269650364078
2025-02-10,2,Cryptophyta,1.2924956160893886,1.3108976583385012
2025-02-11,2,Cryptophyta,1.5791788023195275,1.0711856758516625
2025-02-12,2,Cryptophyta,4.214344564117392,1.1011195340739575
2025-02-13,2,Cryptophyta,2.4471376854819367,1.1831699876985737
2025-02-14,2,Cryptophyta,2.623736663679351,1.582460511774893
2025-02-15,2,Cryptophyta,3.594916179228557,1.5850663666417262
2025-02-16,2,Cryptophyta,4.394880809388837,1.8341786381860192
2025-02-17,2,Cryptophyta,3.4757353837848495,1.8902327359440951
2025-02-18,2,Cryptophyta,3.316193922594721,1.840161068098439
2025-02-19,2,Cryptophyta,2.7053397055818333,1.601222566429223
2025-02-20,2,Cryptophyta,4.558409511490705,1.7427269230061653
2025-02-21,2,Cryptophyta,3.2331949385514793,1.700038317162676
2025-02-22,2,Cryptophyta,2.526053998347087,2.1322073600074845
2025-02-23,2,Cryptophyta,3.7129674969241435,2.159708389541142
2025-02-24,2,Cryptophyta,2.914795964450984,2.073445012777258
2025-02-25,2,Cryptophyta,2.2477191644390553,2.337913212546039
2025-02-26,2,Cryptophyta,5.62193183252738,2.307304033040447
2025-02-27,2,Cryptophyta,4.046911440269851,2.1994094821941776
2025-02-28,2,Cryptophyta,3.6094032591108616,2.454039439508586
2025-03-01,2,Cryptophyta,3.789059488001065,2.371710302527247
2025-03-02,2,Cryptophyta,6.238916048148587,2.1651187084188854
2025-03-03,2,Cryptophyta,6.8962560356564016,2.0734579062156113
2025-03-04,2,Cryptophyta,5.795157655106898,2.270364206674204
2025-03-05,2,Cryptophyta,4.694059023590224,2.3447880817146123
2025-03-06,2,Cryptophyta,1.838895503402441,2.220336473768728
2025-03-07,2,Cryptophyta,1.193604261496004,1.9862373249802912
2025-03-08,2,Cryptophyta,1.1713689466938844,1.5153540237653789
2025-03-09,2,Cryptophyta,2.0860701907542682,1.1800561125380766
2025-03-10,2,Cryptophyta,2.912219033550482,0.9110506773047278
2025-03-11,2,Cryptophyta,4.713057740285767,0.8035876645070961
2025-03-12,2,Cryptophyta,5.039052800459327,0.8769798762538505
2025-03-13,2,Cryptophyta,5.365047860632887,1.2624545321437548
2025-03-14,2,Cryptophyta,5.691043171773617,1.435130109203273
2025-03-15,2,Cryptophyta,6.017038231947177,1.386787934552618
2025-03-16,2,Cryptophyta,3.572055454239054,1.4380757108763542
2025-03-17,2,Cryptophyta,4.756378438317538,1.6783311000278123
2025-03-18,2,Cryptophyta,3.142535683581471,1.4918000019690356
2025-03-19,2,Cryptophyta,2.8493594119899646,1.5615336143130314
2025-03-20,2,Cryptophyta,3.3505882203275954,1.4025327364068612
2025-03-21,2,Cryptophyta,2.469782014029196,1.3016537218278925
2025-03-22,2,Cryptophyta,2.741053965144781,1.2910351753859652
2025-03-23,2,Cryptophyta,3.248989933839702,1.3237614198241192
2025-03-24,2,Cryptophyta,3.7634737614808205,1.3190439899315654
2025-03-25,2,Cryptophyta,4.127834298400121,1.3350502368350488
2025-03-26,2,Cryptophyta,2.814375968825757,1.43306690809955
2025-03-27,2,Cryptophyta,2.1700099252338694,1.5706512515953897
2025-03-28,2,Cryptophyta,2.443353382897956,1.364731810309805
2025-03-29,2,Cryptophyta,1.5768786254656288,1.0842312003100787
2025-03-30,2,Cryptophyta,1.4370803123387503,0.7874941437702809
2025-03-31,2,Cryptophyta,1.7790059214431737,0.5007583799180484
2025-04-01,2,Cryptophyta,1.7774889503847313,0.2572991438756853
2025-04-02,2,Cryptophyta,2.6596235572842915,0.12701932534328275
2025-04-03,2,Cryptophyta,4.080779208880282,0.10113243821916162
2025-04-04,2,Cryptophyta,5.067485373071298,0.14630941492307592
2025-04-05,2,Cryptophyta,5.851936718591565,0.30873913178796397
2025-04-06,2,Cryptophyta,6.636388064111834,0.7385306998905456
2025-04-07,2,Cryptophyta,7.420839158664931,1.400973979314631
2025-04-08,2,Cryptophyta,6.251793926537513,1.949502836815368
2025-04-09,2,Cryptophyta,6.827467440190654,2.4993984301524677
2025-04-10,2,Cryptophyta,5.978967014208142,2.810889470159755
2025-04-11,2,Cryptophyta,5.198224210557442,3.056177002034818
2025-04-12,2,Cryptophyta,4.4174814069067425,3.2594723305919597
2025-04-13,2,Cryptophyta,3.636738603256043,3.3293601622618576
2025-04-14,2,Cryptophyta,2.8559957996053433,3.402777094274847
2025-04-15,2,Cryptophyta,2.0752530037973678,3.5282214028612593
2025-04-16,2,Cryptophyta,1.2945101923039442,3.557434106920855
2025-04-17,2,Cryptophyta,1.639144615556651,3.5393418836429804
2025-04-18,2,Cryptophyta,1.9837790544948057,3.3479201883444203
2025-04-19,2,Cryptophyta,2.3284134620620645,3.032783473743624
2025-04-20,2,Cryptophyta,2.673047885314771,2.976644313800401
2025-04-21,2,Cryptophyta,3.017682339938374,2.853657538483413
2025-04-22,2,Cryptophyta,3.362316794561977,2.764567832193941
2025-04-23,2,Cryptophyta,3.7069511864437876,2.7714981651070616
2025-04-24,2,Cryptophyta,4.051585578325598,2.867215286935589
2025-04-25,2,Cryptophyta,4.396219970207408,2.9874162639249278
2025-04-26,2,Cryptophyta,4.740854362089219,3.08143985929099
2025-04-27,2,Cryptophyta,5.085488753971029,3.213232382439947
2025-04-28,2,Cryptophyta,5.43012339682001,3.4499117403875426
2025-04-29,2,Cryptophyta,3.3953546147415583,3.7078997168624133
2025-04-30,2,Cryptophyta,3.126554909845732,4.0053081105816855
2025-05-01,2,Cryptophyta,1.7381730609665917,3.7924983656465785
2025-05-02,2,Cryptophyta,3.1696154804059047,4.20076134249747
2025-05-03,2,Cryptophyta,4.633743581714538,4.143140786092138
2025-05-04,2,Cryptophyta,4.111199190510668,3.845688975052474
2025-05-05,2,Cryptophyta,3.5886547993067968,3.921454959775699
2025-05-06,2,Cryptophyta,3.798474646863336,3.8320323455353584
2025-05-07,2,Cryptophyta,2.294442404775773,3.1715035691668323
2025-05-08,2,Cryptophyta,0.027812379533752818,2.7705549049990035
2025-05-09,2,Cryptophyta,0.0121758700133201,1.8261516728531373
2025-05-10,2,Cryptophyta,0.009999984650312932,0.8768494988090889
2025-05-11,2,Cryptophyta,0.06642355313882131,0.501678425562891
2025-05-12,2,Cryptophyta,0.05511572536477205,0.4275432255096563
2025-05-13,2,Cryptophyta,0.032951434271733415,0.40531506327187894
2025-05-14,2,Cryptophyta,0.06215271932509925,0.3842789950911121
2025-05-15,2,Cryptophyta,0.039479090360754476,0.3220219457055178
2025-05-16,2,Cryptophyta,0.03572913890815377,0.3046095924908938
2025-05-17,2,Cryptophyta,0.027303167146031537,0.4724101322751628
2025-05-18,2,Cryptophyta,0.013888971915037018,0.6049554314502255
2025-05-19,2,Cryptophyta,0.009999984650312932,0.5967344998659094
2025-05-20,2,Cryptophyta,0.0161552054592069,0.412410156132037
2025-05-21,2,Cryptophyta,0.03932876102598648,0.23233104756055734
2024-06-18,2,Algae_Sum,7.913764466294431,7.128844813236542
2024-06-19,2,Algae_Sum,6.750143916094274,8.421648769179772
2024-06-20,2,Algae_Sum,8.403301156137719,7.946671466677688
2024-06-21,2,Algae_Sum,5.948835463151714,6.819026559990805
2024-06-22,2,Algae_Sum,5.271959337556845,6.5315114268436645
2024-06-23,2,Algae_Sum,4.3765379999404255,5.754343309975974
2024-06-24,2,Algae_Sum,4.1609138476789225,5.82747193045701
2024-06-25,2,Algae_Sum,3.9041987880573013,5.843456391303933
2024-06-26,2,Algae_Sum,3.8492850464991255,6.081427453801528
2024-06-27,2,Algae_Sum,3.9262187117303595,6.470298420973606
2024-06-28,2,Algae_Sum,4.00315146782379,6.804214432340453
2024-06-29,2,Algae_Sum,4.08008483000909,7.022493721554715
2024-06-30,2,Algae_Sum,4.157017889148455,7.089147462604982
2024-07-01,2,Algae_Sum,4.233950948287821,7.348824190141839
2024-07-02,2,Algae_Sum,4.310884007427186,7.424989633929798
2024-07-03,2,Algae_Sum,4.3878170665665515,7.247660335716237
2024-07-04,2,Algae_Sum,4.4647504287518505,7.5113687863620955
2024-07-05,2,Algae_Sum,4.541683487891216,7.352824699519616
2024-07-06,2,Algae_Sum,4.618616547030581,7.3655214150260715
2024-07-07,2,Algae_Sum,4.695549606169947,7.237370714065373
2024-07-08,2,Algae_Sum,4.772482968355246,7.431344507170612
2024-07-09,2,Algae_Sum,4.849416027494612,7.113079757646002
2024-07-10,2,Algae_Sum,4.9263490866339765,7.096543904721747
2024-07-11,2,Algae_Sum,5.003282145773342,6.8886322714864106
2024-07-12,2,Algae_Sum,5.080215204912708,6.878869495192207
2024-07-13,2,Algae_Sum,5.157148567098007,6.594415580549696
2024-07-14,2,Algae_Sum,5.234081626237373,6.604837481750851
2024-07-15,2,Algae_Sum,5.311014685376738,6.712136955683851
2024-07-16,2,Algae_Sum,5.387947744516103,6.8433475114424756
2024-07-17,2,Algae_Sum,5.4648811067014025,7.190379350842819
2024-07-18,2,Algae_Sum,5.541814165840767,7.066776914786019
2024-07-19,2,Algae_Sum,5.618747224980133,7.383594619974678
2024-07-20,2,Algae_Sum,5.695680284119499,7.344743525114458
2024-07-21,2,Algae_Sum,5.772613646304798,7.1470259025377345
2024-07-22,2,Algae_Sum,5.849546705444164,7.154909794039709
2024-07-23,2,Algae_Sum,5.926479764583529,7.036790671116877
2024-07-24,2,Algae_Sum,6.003412823722894,6.893542676281715
2024-07-25,2,Algae_Sum,6.080345882862259,6.592717917226137
2024-07-26,2,Algae_Sum,6.157279245047559,6.4209134494395315
2024-07-27,2,Algae_Sum,6.234212304186924,6.282110532367664
2024-07-28,2,Algae_Sum,6.31114536332629,6.0351711284924505
2024-07-29,2,Algae_Sum,6.3880784224656555,5.8694068207439605
2024-07-30,2,Algae_Sum,6.4650117846509545,5.894355380325422
2024-07-31,2,Algae_Sum,6.54194484379032,5.902504285496882
2024-08-01,2,Algae_Sum,6.618877902929685,5.899946577811976
2024-08-02,2,Algae_Sum,6.6958111135920175,5.582351408279048
2024-08-03,2,Algae_Sum,6.772744172731382,5.434017090483762
2024-08-04,2,Algae_Sum,6.849677231870748,5.355830027268549
2024-08-05,2,Algae_Sum,6.926610442533081,5.269293442473419
2024-08-06,2,Algae_Sum,7.003543501672446,5.34014376362091
2024-08-07,2,Algae_Sum,7.080476712334779,5.2979173431452296
2024-08-08,2,Algae_Sum,7.157409771474144,5.3874874177420065
2024-08-09,2,Algae_Sum,7.234342982136476,5.473913087725209
2024-08-10,2,Algae_Sum,7.311276041275842,5.201568737091582
2024-08-11,2,Algae_Sum,7.388209251938174,5.190367553270554
2024-08-12,2,Algae_Sum,7.465142311077539,5.448682089333044
2024-08-13,2,Algae_Sum,7.542075521739871,5.836623311578903
2024-08-14,2,Algae_Sum,6.030008741002833,6.056674661893579
2024-08-15,2,Algae_Sum,5.066361156983425,6.209591034214432
2024-08-16,2,Algae_Sum,3.7128452816223865,5.748924848671932
2024-08-17,2,Algae_Sum,4.3647146628164215,5.224204450102997
2024-08-18,2,Algae_Sum,4.896292081739191,4.844755181026146
2024-08-19,2,Algae_Sum,4.658422236583629,4.844196970415293
2024-08-20,2,Algae_Sum,5.046383459861146,4.872036588209315
2024-08-21,2,Algae_Sum,8.584390307376538,4.9763922739372
2024-08-22,2,Algae_Sum,8.26416708562122,5.149321799754635
2024-08-23,2,Algae_Sum,8.362469731858786,5.503854632119053
2024-08-24,2,Algae_Sum,6.737632664699566,5.452113175400402
2024-08-25,2,Algae_Sum,5.910328325426844,5.287994407074785
2024-08-26,2,Algae_Sum,4.631233561456335,5.304503137387927
2024-08-27,2,Algae_Sum,3.6604134862655586,5.51432789960606
2024-08-28,2,Algae_Sum,2.90789406502741,6.006195694536933
2024-08-29,2,Algae_Sum,5.245232504433319,6.283290290189623
2024-08-30,2,Algae_Sum,7.582571398408129,6.635189653385577
2024-08-31,2,Algae_Sum,9.544788973815802,7.7422728176734354
2024-09-01,2,Algae_Sum,7.580782518258366,9.313227332827182
2024-09-02,2,Algae_Sum,6.2316442929402545,10.51589466979959
2024-09-03,2,Algae_Sum,5.825473342520759,10.758545064567638
2024-09-04,2,Algae_Sum,5.104242807900043,10.891720115594913
2024-09-05,2,Algae_Sum,5.043535434171248,10.001803455850823
2024-09-06,2,Algae_Sum,5.456685229410138,9.900628388725654
2024-09-07,2,Algae_Sum,4.896573914458026,8.879715426698441
2024-09-08,2,Algae_Sum,7.90042983909642,8.441289933792088
2024-09-09,2,Algae_Sum,7.464414243220551,7.678838030536566
2024-09-10,2,Algae_Sum,7.414410603411745,8.326225210840365
2024-09-11,2,Algae_Sum,6.464055371682523,8.876494427224989
2024-09-12,2,Algae_Sum,8.385276817346007,9.537401168508163
2024-09-13,2,Algae_Sum,11.166549291366263,9.129639529979892
2024-09-14,2,Algae_Sum,8.107886373100024,8.841090555628124
2024-09-15,2,Algae_Sum,7.268069418725892,8.698268037284622
2024-09-16,2,Algae_Sum,7.995469817044575,7.69014452281974
2024-09-17,2,Algae_Sum,9.405324204423573,6.893467520890026
2024-09-18,2,Algae_Sum,9.488955525727977,6.410849597009671
2024-09-19,2,Algae_Sum,12.67792012711534,6.476436919417379
2024-09-20,2,Algae_Sum,13.613369893046467,6.219058795291661
2024-09-21,2,Algae_Sum,10.697009617823559,6.551425484319754
2024-09-22,2,Algae_Sum,8.057095192669637,6.600707723282124
2024-09-23,2,Algae_Sum,5.866036949955317,6.170650843849547
2024-09-24,2,Algae_Sum,4.472671443380768,5.611001370901201
2024-09-25,2,Algae_Sum,4.073182655811055,4.768136077474644
2024-09-26,2,Algae_Sum,4.559448646647677,4.6695473558751655
2024-09-27,2,Algae_Sum,4.608616334246909,5.1136041998543575
2024-09-28,2,Algae_Sum,5.380564030328577,6.128030463659366
2024-09-29,2,Algae_Sum,6.899644506167446,6.886496403741954
2024-09-30,2,Algae_Sum,5.509040960237474,7.464421213277038
2024-10-01,2,Algae_Sum,5.221797659293339,8.095929089673092
2024-10-02,2,Algae_Sum,5.227900095270938,7.734701821098554
2024-10-03,2,Algae_Sum,5.183739938688932,7.199961360237253
2024-10-04,2,Algae_Sum,5.353279289640131,6.850480303596459
2024-10-05,2,Algae_Sum,5.3634025390731015,6.655037495325038
2024-10-06,2,Algae_Sum,6.999476625235072,6.465256039673944
2024-10-07,2,Algae_Sum,10.255469191520733,6.197206759066167
2024-10-08,2,Algae_Sum,8.882324860536245,6.2326382836045315
2024-10-09,2,Algae_Sum,6.293072612946585,6.743781466705103
2024-10-10,2,Algae_Sum,5.651690136306597,6.504037130923358
2024-10-11,2,Algae_Sum,6.443424913617912,5.627031288638259
2024-10-12,2,Algae_Sum,9.530085298729162,5.036115960563483
2024-10-13,2,Algae_Sum,12.873646283335267,4.8189453648996015
2024-10-14,2,Algae_Sum,16.546678163664183,5.423869900421986
2024-10-15,2,Algae_Sum,17.276083059314836,6.320674945774103
2024-10-16,2,Algae_Sum,15.859581510891456,7.2277605213990554
2024-10-17,2,Algae_Sum,11.882814266831645,7.629369266801677
2024-10-18,2,Algae_Sum,13.631092625372137,7.458760315225612
2024-10-19,2,Algae_Sum,13.761331767388583,6.5303751561132675
2024-10-20,2,Algae_Sum,11.130395002274758,6.490137626103941
2024-10-21,2,Algae_Sum,7.823056908783519,6.6597447078214405
2024-10-22,2,Algae_Sum,8.683804867027536,6.246272320185563
2024-10-23,2,Algae_Sum,10.156032926204695,5.1067535434651425
2024-10-24,2,Algae_Sum,7.808797158109785,4.764303758590365
2024-10-25,2,Algae_Sum,7.17631135248397,5.045347951903881
2024-10-26,2,Algae_Sum,6.492380166017247,4.645734006363331
2024-10-27,2,Algae_Sum,9.132720181305054,4.665156826380033
2024-10-28,2,Algae_Sum,9.067790372097111,4.423098886413405
2024-10-29,2,Algae_Sum,10.544216888243874,5.047494729301969
2024-10-30,2,Algae_Sum,14.867734593554095,5.208844869972458
2024-10-31,2,Algae_Sum,12.235050617106463,5.759930264819449
2024-11-01,2,Algae_Sum,8.901139391601465,6.884575698610801
2024-11-02,2,Algae_Sum,6.864263590300099,6.9955452103303
2024-11-03,2,Algae_Sum,7.340061162384662,6.462716817791026
2024-11-04,2,Algae_Sum,12.951401809140133,5.748510887925773
2024-11-05,2,Algae_Sum,8.185223922800104,5.5474950649238535
2024-11-06,2,Algae_Sum,8.096506467939284,6.515657124225493
2024-11-07,2,Algae_Sum,4.057987023530934,6.307802160579858
2024-11-08,2,Algae_Sum,5.203767941436293,6.3136624628560085
2024-11-09,2,Algae_Sum,6.840722830606104,5.622578937772544
2024-11-10,2,Algae_Sum,9.843153605977296,5.4985931486089425
2024-11-11,2,Algae_Sum,6.084977636921039,6.094962091316132
2024-11-12,2,Algae_Sum,4.106934699781914,7.284737248154505
2024-11-13,2,Algae_Sum,6.850841534350062,7.121893242551228
2024-11-14,2,Algae_Sum,3.568808155174489,6.491064946662687
2024-11-15,2,Algae_Sum,3.6863651278893235,6.8676857365123976
2024-11-16,2,Algae_Sum,3.481023021130328,6.158245355485886
2024-11-17,2,Algae_Sum,4.712573514571281,5.830794526079913
2024-11-18,2,Algae_Sum,4.602736333985034,5.031271468258873
2024-11-19,2,Algae_Sum,3.3688632965041387,5.037777258374934
2024-11-20,2,Algae_Sum,2.4608619160659417,4.7319875462558905
2024-11-21,2,Algae_Sum,2.586251413996899,4.226612387944495
2024-11-22,2,Algae_Sum,3.0066446131557667,3.6978839038494256
2024-11-23,2,Algae_Sum,3.340804879545604,3.2626026640336807
2024-11-24,2,Algae_Sum,4.869706771066951,3.1046575474802074
2024-11-25,2,Algae_Sum,5.839432244343286,2.9613101535786184
2024-11-26,2,Algae_Sum,5.42265377708792,3.1739629404549907
2024-11-27,2,Algae_Sum,5.555403351623533,3.4135680266299566
2024-11-28,2,Algae_Sum,6.992422170455088,3.2076877102917685
2024-11-29,2,Algae_Sum,8.429440837763675,3.1493246999101805
2024-11-30,2,Algae_Sum,9.866459580833745,3.156367487421698
2024-12-01,2,Algae_Sum,11.303478323903816,3.566222567263634
2024-12-02,2,Algae_Sum,11.056015105131285,4.282210407222163
2024-12-03,2,Algae_Sum,10.808551886358753,5.193349525263383
2024-12-04,2,Algae_Sum,10.561088516063256,5.448473593730293
2024-12-05,2,Algae_Sum,10.313625373052208,5.528910469961232
2024-12-06,2,Algae_Sum,8.547180774461301,5.448159032050563
2024-12-07,2,Algae_Sum,9.184441551760376,5.038288799911915
2024-12-08,2,Algae_Sum,8.487532584153383,4.354174725223884
2024-12-09,2,Algae_Sum,6.830234259299419,4.070948601183908
2024-12-10,2,Algae_Sum,8.113118006585614,3.6753021330143048
2024-12-11,2,Algae_Sum,8.69375038002008,3.811374606218756
2024-12-12,2,Algae_Sum,8.805641037737415,4.150547252360766
2024-12-13,2,Algae_Sum,5.164088925083755,4.573963637759517
2024-12-14,2,Algae_Sum,4.905688627021877,4.950491544030386
2024-12-15,2,Algae_Sum,4.403519391648706,5.305813508007539
2024-12-16,2,Algae_Sum,4.512338337895938,5.2445727734344985
2024-12-17,2,Algae_Sum,4.354622021022808,5.054986024796149
2024-12-18,2,Algae_Sum,6.351310768403269,4.9372254052135105
2024-12-19,2,Algae_Sum,6.143825217751461,5.109096694628613
2024-12-20,2,Algae_Sum,5.623262912446102,5.061205133458427
2024-12-21,2,Algae_Sum,7.992970748747943,5.266358745646331
2024-12-22,2,Algae_Sum,7.258184211874259,5.211023770239574
2024-12-23,2,Algae_Sum,7.198567500462761,5.518425080636856
2024-12-24,2,Algae_Sum,15.995769747642782,5.642672095395764
2024-12-25,2,Algae_Sum,13.260200767386086,5.255927298498248
2024-12-26,2,Algae_Sum,13.108289901475011,6.561447819456626
2024-12-27,2,Algae_Sum,12.956379035563936,6.4903294541803085
2024-12-28,2,Algae_Sum,12.80446816965286,5.990480338479607
2024-12-29,2,Algae_Sum,12.652557303741785,5.59835223360642
2024-12-30,2,Algae_Sum,12.50064643783071,5.443763653820483
2024-12-31,2,Algae_Sum,12.348735571919635,5.197289122408379
2025-01-01,2,Algae_Sum,12.19682470600856,5.18849048675393
2025-01-02,2,Algae_Sum,12.044913840097484,5.121831896968716
2025-01-03,2,Algae_Sum,11.893002974186409,5.176208641131436
2025-01-04,2,Algae_Sum,11.741092108275334,5.012129268777268
2025-01-05,2,Algae_Sum,11.589181393887225,5.0024008881966
2025-01-06,2,Algae_Sum,11.43727052797615,4.946813172480695
2025-01-07,2,Algae_Sum,11.285359662065074,4.882946847933482
2025-01-08,2,Algae_Sum,11.133448947676966,5.011279527977686
2025-01-09,2,Algae_Sum,10.98153808176589,4.967933049729089
2025-01-10,2,Algae_Sum,10.829627215854815,4.85428415738209
2025-01-11,2,Algae_Sum,10.67771634994374,4.643948459718845
2025-01-12,2,Algae_Sum,10.525805484032665,4.63634564332087
2025-01-13,2,Algae_Sum,10.37389461812159,4.592150030364559
2025-01-14,2,Algae_Sum,10.221983827971998,4.870112852618819
2025-01-15,2,Algae_Sum,10.070072962060923,4.678328414865429
2025-01-16,2,Algae_Sum,8.880791126122734,4.583699291442606
2025-01-17,2,Algae_Sum,7.853082321139661,4.49853550472954
2025-01-18,2,Algae_Sum,8.95793808834074,4.292695796546538
2025-01-19,2,Algae_Sum,10.952053227594932,3.956042068209853
2025-01-20,2,Algae_Sum,9.058109423532128,4.0054767392771415
2025-01-21,2,Algae_Sum,10.079415943974732,4.422719472903749
2025-01-22,2,Algae_Sum,10.042264936805545,4.3364083542836855
2025-01-23,2,Algae_Sum,10.62317838534401,4.502689658395973
2025-01-24,2,Algae_Sum,11.208322203601366,4.570879236240919
2025-01-25,2,Algae_Sum,10.684658526205093,4.901109602955654
2025-01-26,2,Algae_Sum,10.09868383175756,5.07669744770816
2025-01-27,2,Algae_Sum,7.946145757743281,5.047335327140565
2025-01-28,2,Algae_Sum,7.584718327329185,4.570079801066418
2025-01-29,2,Algae_Sum,6.557190630172556,4.213068052959995
2025-01-30,2,Algae_Sum,5.690353039641661,4.055935099510259
2025-01-31,2,Algae_Sum,5.944580698235118,3.7733090064200603
2025-02-01,2,Algae_Sum,5.574360693085257,3.8657058934913406
2025-02-02,2,Algae_Sum,6.4367382050791155,4.020953901230162
2025-02-03,2,Algae_Sum,6.024538155798104,4.158402202976021
2025-02-04,2,Algae_Sum,5.095282345716715,4.335506489583416
2025-02-05,2,Algae_Sum,4.76265155215694,4.40781627995016
2025-02-06,2,Algae_Sum,4.864905311285002,4.251073649663714
2025-02-07,2,Algae_Sum,5.065972046003873,3.898586377355352
2025-02-08,2,Algae_Sum,3.790737784189526,3.9107991285048422
2025-02-09,2,Algae_Sum,3.9458433603392598,4.054188948837224
2025-02-10,2,Algae_Sum,4.829207712416384,3.8846523252994327
2025-02-11,2,Algae_Sum,5.439326758297414,3.2471455031123186
2025-02-12,2,Algae_Sum,10.912332996995339,3.5712428262100966
2025-02-13,2,Algae_Sum,7.710190859846121,3.942838962947298
2025-02-14,2,Algae_Sum,7.988336721844657,4.774973399842753
2025-02-15,2,Algae_Sum,9.67375505774329,4.571140461836225
2025-02-16,2,Algae_Sum,11.146990858293991,5.064987146717624
2025-02-17,2,Algae_Sum,9.315727082977165,4.831345398436445
2025-02-18,2,Algae_Sum,8.710202819550938,4.749002363279197
2025-02-19,2,Algae_Sum,7.382076965936053,4.016924602488634
2025-02-20,2,Algae_Sum,10.738416450570114,3.97090283473265
2025-02-21,2,Algae_Sum,8.015824654832004,3.638899649302666
2025-02-22,2,Algae_Sum,6.399527800906818,4.527457602600633
2025-02-23,2,Algae_Sum,8.630070769649095,4.349016277331413
2025-02-24,2,Algae_Sum,6.871423505065196,4.038123877771795
2025-02-25,2,Algae_Sum,5.663680754786295,4.51333566206549
2025-02-26,2,Algae_Sum,13.83852271861798,4.2917387774862386
2025-02-27,2,Algae_Sum,13.231184119183514,3.900339195038941
2025-02-28,2,Algae_Sum,12.160495862458939,4.788881389948328
2025-03-01,2,Algae_Sum,12.796747468386469,4.618458660098847
2025-03-02,2,Algae_Sum,17.096139838395565,4.167794202569692
2025-03-03,2,Algae_Sum,17.715811801261346,4.175254587378579
2025-03-04,2,Algae_Sum,15.733644712003278,4.572830245965495
2025-03-05,2,Algae_Sum,13.751477016653341,4.970625309808793
2025-03-06,2,Algae_Sum,8.289966825470453,4.705215862334097
2025-03-07,2,Algae_Sum,6.912579870347109,4.4024711557622025
2025-03-08,2,Algae_Sum,7.210229768672721,3.6538155701854924
2025-03-09,2,Algae_Sum,8.717435465340252,3.042690108756882
2025-03-10,2,Algae_Sum,9.924476588519925,2.7622017016867444
2025-03-11,2,Algae_Sum,13.223330077706063,2.7131149273519535
2025-03-12,2,Algae_Sum,13.991316963427337,2.821314447709619
2025-03-13,2,Algae_Sum,13.675664621378761,3.4997088334349824
2025-03-14,2,Algae_Sum,14.016108848260801,4.0414501099459095
2025-03-15,2,Algae_Sum,14.404500396764927,4.157110015112461
2025-03-16,2,Algae_Sum,10.409849806034304,4.307716571322609
2025-03-17,2,Algae_Sum,12.491217466633062,4.599891641800411
2025-03-18,2,Algae_Sum,9.507880138228806,4.122477925748598
2025-03-19,2,Algae_Sum,9.034652776841481,4.236633510897629
2025-03-20,2,Algae_Sum,9.776876626784762,3.7628872567418723
2025-03-21,2,Algae_Sum,7.979215418031736,3.528726693821292
2025-03-22,2,Algae_Sum,8.096413357075992,3.476700373924464
2025-03-23,2,Algae_Sum,8.787689183745096,3.3239373428463326
2025-03-24,2,Algae_Sum,9.588404064404353,3.3387950789097864
2025-03-25,2,Algae_Sum,11.115825008325857,3.4769306888344795
2025-03-26,2,Algae_Sum,9.927418709972402,3.7599319527912565
2025-03-27,2,Algae_Sum,10.67743330504117,4.1973884563229085
2025-03-28,2,Algae_Sum,10.999127473880499,4.057570335371367
2025-03-29,2,Algae_Sum,9.89640264045726,3.761904175731229
2025-03-30,2,Algae_Sum,7.089252771067127,3.5839913625713065
2025-03-31,2,Algae_Sum,6.951297776519236,3.1630811670486407
2025-04-01,2,Algae_Sum,6.916277182267688,2.5266598553979414
2025-04-02,2,Algae_Sum,8.277671494303885,2.567439534583605
2025-04-03,2,Algae_Sum,10.078181865169062,2.6902246557557854
2025-04-04,2,Algae_Sum,11.069074566621016,2.8980947716981316
2025-04-05,2,Algae_Sum,12.87717949588246,3.382788257182032
2025-04-06,2,Algae_Sum,12.920202018027364,4.166363825760125
2025-04-07,2,Algae_Sum,12.575124521856875,5.471735399641829
2025-04-08,2,Algae_Sum,12.403567794121502,6.200742395980834
2025-04-09,2,Algae_Sum,12.153870672244791,6.662128467140098
2025-04-10,2,Algae_Sum,10.480000394119656,6.854185646234296
2025-04-11,2,Algae_Sum,8.873887323052804,7.062777011500111
2025-04-12,2,Algae_Sum,7.267774251985951,7.107546744978821
2025-04-13,2,Algae_Sum,4.953802320861854,6.931709038853542
2025-04-14,2,Algae_Sum,3.5517357594236785,6.587787814445107
2025-04-15,2,Algae_Sum,2.1419024337371084,6.340725070874662
2025-04-16,2,Algae_Sum,1.3245099693582318,6.328751119921346
2025-04-17,2,Algae_Sum,1.6691447154188115,6.101749714151027
2025-04-18,2,Algae_Sum,2.0137788553875238,5.788329911499927
2025-04-19,2,Algae_Sum,2.4217580808965726,5.48341175948773
2025-04-20,2,Algae_Sum,3.14916347947317,5.587595921216842
2025-04-21,2,Algae_Sum,3.564776432065486,5.497366418667177
2025-04-22,2,Algae_Sum,4.1872470241338835,5.233701303589913
2025-04-23,2,Algae_Sum,3.7442875094825405,5.282563823933374
2025-04-24,2,Algae_Sum,4.636613535926729,5.889116928306313
2025-04-25,2,Algae_Sum,6.26684883607388,6.340290503004976
2025-04-26,2,Algae_Sum,6.416613530678735,6.632543001718975
2025-04-27,2,Algae_Sum,7.085304082544104,7.096330105815147
2025-04-28,2,Algae_Sum,9.361518289598314,7.38775407694496
2025-04-29,2,Algae_Sum,6.692624888639518,7.715228543933803
2025-04-30,2,Algae_Sum,12.738608105904344,8.211490201865084
2025-05-01,2,Algae_Sum,10.679889492338107,7.5865864539907495
2025-05-02,2,Algae_Sum,12.234284516984728,8.805827979198092
2025-05-03,2,Algae_Sum,13.793665859433178,8.96746707416687
2025-05-04,2,Algae_Sum,14.010960703930094,8.68289671412413
2025-05-05,2,Algae_Sum,12.345543892140318,9.365377143942208
2025-05-06,2,Algae_Sum,11.941576388708613,9.252729818407841
2025-05-07,2,Algae_Sum,8.71072947550389,7.8133069361800365
2025-05-08,2,Algae_Sum,0.2629515774942188,7.234014328820804
2025-05-09,2,Algae_Sum,0.19484927687833142,5.320289406193863
2025-05-10,2,Algae_Sum,0.16524290128774588,3.0291827453763593
2025-05-11,2,Algae_Sum,0.23106508429448347,2.1408144988332207
2025-05-12,2,Algae_Sum,0.2076159959955941,1.7546454892107421
2025-05-13,2,Algae_Sum,0.12712942023144258,1.5887411742406385
2025-05-14,2,Algae_Sum,0.1767477371348729,1.3856022114234987
2025-05-15,2,Algae_Sum,0.0969908959803476,1.1545442327775701
2025-05-16,2,Algae_Sum,0.0657983779700011,0.9696583326710027
2025-05-17,2,Algae_Sum,0.057303394341650105,1.3392822464682324
2025-05-18,2,Algae_Sum,0.07510431251835215,1.8990862728430349
2025-05-19,2,Algae_Sum,0.07241871944920142,2.0626522853846163
2025-05-20,2,Algae_Sum,0.7918527977717993,1.5711396602886616
2025-05-21,2,Algae_Sum,0.1819674003060605,1.3934220087103837
2024-06-19,3,Green_Algae,1.4667140008930915,2.142845896883456
2024-06-20,3,Green_Algae,0.31768114316541407,2.7194510771412888
2024-06-21,3,Green_Algae,0.0012941596316076165,2.45926480209802
2024-06-22,3,Green_Algae,0.0006534660744561549,1.6513019202697357
2024-06-23,3,Green_Algae,0.0006613758714579809,1.1472589577650596
2024-06-24,3,Green_Algae,0.0006689090114595508,0.9334797442245137
2024-06-25,3,Green_Algae,0.000676818808461821,1.0879383051785338
2024-06-26,3,Green_Algae,0.000684728605463647,1.3229749098331056
2024-06-27,3,Green_Algae,0.0006922617454652169,1.5573523647375218
2024-06-28,3,Green_Algae,0.0007001715424670429,1.8196254137255339
2024-06-29,3,Green_Algae,0.000708081339468869,2.0068506854168016
2024-06-30,3,Green_Algae,0.000715614479470883,2.143015580861996
2024-07-01,3,Green_Algae,0.000723524276472709,2.1375043356366934
2024-07-02,3,Green_Algae,0.000731434073474535,2.1826489370393674
2024-07-03,3,Green_Algae,0.0007389672134761049,2.155236593886886
2024-07-04,3,Green_Algae,0.0007468770104783751,2.084188160617087
2024-07-05,3,Green_Algae,0.0007547868074802011,2.1552475169398884
2024-07-06,3,Green_Algae,0.0007626966044820271,2.1008838588030345
2024-07-07,3,Green_Algae,0.000770229744483597,2.047507230334914
2024-07-08,3,Green_Algae,0.0007781395414854231,2.0315644694921446
2024-07-09,3,Green_Algae,0.0007860493384872491,2.111701071188592
2024-07-10,3,Green_Algae,0.0007935824784892631,2.004713910255296
2024-07-11,3,Green_Algae,0.0008014922754910891,2.0094424622344143
2024-07-12,3,Green_Algae,0.0008094020724929152,1.9378832820724947
2024-07-13,3,Green_Algae,0.0008169352124949292,1.8986164131562104
2024-07-14,3,Green_Algae,0.0008248450094967552,1.8328829868146685
2024-07-15,3,Green_Algae,0.0008327548064985812,1.7985862953430596
2024-07-16,3,Green_Algae,0.0008402879465001512,1.7845288911142356
2024-07-17,3,Green_Algae,0.0008481977435019772,1.8595054802379631
2024-07-18,3,Green_Algae,0.0008561075405038032,2.026912190555545
2024-07-19,3,Green_Algae,0.0008636406805058172,2.040796520892828
2024-07-20,3,Green_Algae,0.0008715504775076433,2.1908783275058132
2024-07-21,3,Green_Algae,0.0008794602745094693,2.1994549957263407
2024-07-22,3,Green_Algae,0.0008873700715112953,2.0819398949835555
2024-07-23,3,Green_Algae,0.0008949032115133093,2.1179300363275653
2024-07-24,3,Green_Algae,0.0009028130085151354,2.122987974853261
2024-07-25,3,Green_Algae,0.0009107228055169614,2.1044449624103767
2024-07-26,3,Green_Algae,0.0009182559455185313,1.9974054461540682
2024-07-27,3,Green_Algae,0.0009261657425208014,1.9524595313189412
2024-07-28,3,Green_Algae,0.0009340755395226275,1.9578656892412194
2024-07-29,3,Green_Algae,0.0009416086795241974,1.9118920657813494
2024-07-30,3,Green_Algae,0.0009495184765260234,1.8442105694353468
2024-07-31,3,Green_Algae,0.0009574282735278494,1.8077731479037316
2024-08-01,3,Green_Algae,0.0009649614135298634,1.755434962784857
2024-08-02,3,Green_Algae,0.0009728712105316895,1.6890911637746702
2024-08-03,3,Green_Algae,0.0009807810075335155,1.4661122913354494
2024-08-04,3,Green_Algae,0.0009883141475350854,1.2770333022182432
2024-08-05,3,Green_Algae,0.0009962239445373555,1.191893942246613
2024-08-06,3,Green_Algae,0.0010041337415391816,1.1115782401466232
2024-08-07,3,Green_Algae,0.0010116668815407515,1.0915105201673785
2024-08-08,3,Green_Algae,0.0010195766785425775,1.0851276906438692
2024-08-09,3,Green_Algae,0.0010274864755444035,1.087384619388403
2024-08-10,3,Green_Algae,0.0010353962725462296,1.0604611770220371
2024-08-11,3,Green_Algae,0.0010429294125482436,0.9103132671055363
2024-08-12,3,Green_Algae,0.0010508392095500696,0.8979982781591245
2024-08-13,3,Green_Algae,0.0010587490065518956,0.9683675988577622
2024-08-14,3,Green_Algae,0.0010662821465539096,1.1383681576064575
2024-08-15,3,Green_Algae,0.0010741919435557357,1.2359795724935365
2024-08-16,3,Green_Algae,0.0010821017405575617,1.2852728624236915
2024-08-17,3,Green_Algae,0.0010896348805591316,1.1775649683207252
2024-08-18,3,Green_Algae,0.0010975446775609576,1.0434473919995142
2024-08-19,3,Green_Algae,0.14581556728077816,1.045293576285451
2024-08-20,3,Green_Algae,0.29053358988399536,1.0570865186297391
2024-08-21,3,Green_Algae,0.4352512358302123,1.0826327146752792
2024-08-22,3,Green_Algae,0.8924184813598051,1.2645471226652911
2024-08-23,3,Green_Algae,0.6690395991864895,1.403566889842661
2024-08-24,3,Green_Algae,0.489821302003115,1.1577030913920288
2024-08-25,3,Green_Algae,0.45310289434943307,0.9881226935269334
2024-08-26,3,Green_Algae,0.2405937682131878,0.8307685818847284
2024-08-27,3,Green_Algae,0.054611087965213745,0.9827432782516614
2024-08-28,3,Green_Algae,0.3990194690206459,1.26932143846992
2024-08-29,3,Green_Algae,3.010181315800029,1.6879489514219004
2024-08-30,3,Green_Algae,5.621343162579413,2.0152032427222766
2024-08-31,3,Green_Algae,7.1721255330850795,2.2993055423146993
2024-09-01,3,Green_Algae,5.159971483286325,2.9843927409749313
2024-09-02,3,Green_Algae,3.7971903243758045,3.9753667853543
2024-09-03,3,Green_Algae,2.9748262181581695,4.619002386792419
2024-09-04,3,Green_Algae,1.7866873240532462,4.644194619422125
2024-09-05,3,Green_Algae,1.7006112181223942,4.595552475280874
2024-09-06,3,Green_Algae,2.177391558632124,4.007535458939656
2024-09-07,3,Green_Algae,1.3342073865612618,3.8139864457917683
2024-09-08,3,Green_Algae,4.709280666544764,3.2529472045891783
2024-09-09,3,Green_Algae,4.120532205850435,3.1107036301480466
2024-09-10,3,Green_Algae,3.5107197438705637,2.6738176691167492
2024-09-11,3,Green_Algae,0.45597904720211346,3.0952231216086363
2024-09-12,3,Green_Algae,0.22569133400466423,3.3840662145326803
2024-09-13,3,Green_Algae,0.012009674627141198,3.6898913355859273
2024-09-14,3,Green_Algae,0.010423571999766068,3.177957432470448
2024-09-15,3,Green_Algae,0.022003891467504033,2.668349739446456
2024-09-16,3,Green_Algae,0.00999983287466577,2.1646710984251163
2024-09-17,3,Green_Algae,1.4372108347331158,1.7017799847936703
2024-09-18,3,Green_Algae,0.00999983287466577,1.4134396348004952
2024-09-19,3,Green_Algae,0.00999983287466577,1.2327128263317642
2024-09-20,3,Green_Algae,0.00999983287466577,1.361506167628216
2024-09-21,3,Green_Algae,0.00999983287466577,1.2131699778821434
2024-09-22,3,Green_Algae,0.00999983287466577,1.1463559226073459
2024-09-23,3,Green_Algae,0.6485859941106531,1.0510204576433049
2024-09-24,3,Green_Algae,0.8878773162382312,1.0573865259303101
2024-09-25,3,Green_Algae,1.1271684500373094,1.0875667330479457
2024-09-26,3,Green_Algae,1.3664597721648875,1.1123437954993043
2024-09-27,3,Green_Algae,1.6057510942924655,1.4269119023796808
2024-09-28,3,Green_Algae,1.8450424164200434,1.9597561307246665
2024-09-29,3,Green_Algae,2.0843337385476213,2.631679449724536
2024-09-30,3,Green_Algae,0.22924433948650424,3.0711921225102046
2024-10-01,3,Green_Algae,0.2488741957031455,3.336285955771883
2024-10-02,3,Green_Algae,0.9670101270294413,3.3773135078350838
2024-10-03,3,Green_Algae,0.9372619454909077,2.8508786633321135
2024-10-04,3,Green_Algae,1.6051814005798306,2.3795445947151714
2024-10-05,3,Green_Algae,0.5526386498499676,2.18930069966094
2024-10-06,3,Green_Algae,0.01229518063320878,2.0755966144450557
2024-10-07,3,Green_Algae,0.00999983287466577,2.0441380334691175
2024-10-08,3,Green_Algae,0.00999983287466577,1.8110967692725173
2024-10-09,3,Green_Algae,0.00999983287466577,1.5838132723077782
2024-10-10,3,Green_Algae,0.14053671942453017,1.4063588598558212
2024-10-11,3,Green_Algae,0.2383394760676545,1.159310286811409
2024-10-12,3,Green_Algae,0.00999983287466577,0.9101358616584942
2024-10-13,3,Green_Algae,0.00999983287466577,0.8042059769244481
2024-10-14,3,Green_Algae,0.00999983287466577,0.8147964417959521
2024-10-15,3,Green_Algae,0.00999983287466577,0.8926318575503553
2024-10-16,3,Green_Algae,0.00999983287466577,0.8956127210490603
2024-10-17,3,Green_Algae,0.00999983287466577,0.7838058571426245
2024-10-18,3,Green_Algae,0.00999983287466577,0.6585869907770179
2024-10-19,3,Green_Algae,0.00999983287466577,0.4357819455433378
2024-10-20,3,Green_Algae,0.00999983287466577,0.30739388717898164
2024-10-21,3,Green_Algae,0.00999983287466577,0.28151039478986206
2024-10-22,3,Green_Algae,0.00999983287466577,0.3902768833915786
2024-10-23,3,Green_Algae,0.038449112748392356,0.37455145363786047
2024-10-24,3,Green_Algae,0.7455815748025869,0.2913083733331785
2024-10-25,3,Green_Algae,1.1932389843939308,0.274659757272242
2024-10-26,3,Green_Algae,1.112123827811252,0.33868316083338
2024-10-27,3,Green_Algae,1.076880032312919,0.49804824419906035
2024-10-28,3,Green_Algae,1.2733079761588626,0.6978365334712979
2024-10-29,3,Green_Algae,0.7592768233258251,0.7618075817094234
2024-10-30,3,Green_Algae,0.3944675691745694,0.8909734367789635
2024-10-31,3,Green_Algae,0.09649308643311638,0.9295764477325905
2024-11-01,3,Green_Algae,0.15414684346574825,0.9372570489499066
2024-11-02,3,Green_Algae,0.15631977769926175,0.9716507295990389
2024-11-03,3,Green_Algae,0.09466554666868454,0.8667325455672317
2024-11-04,3,Green_Algae,0.27880034767422135,0.7516920813150318
2024-11-05,3,Green_Algae,0.2847447484496266,0.6133580182063239
2024-11-06,3,Green_Algae,0.6582329331969343,0.5785179990120866
2024-11-07,3,Green_Algae,0.55019640586139,0.6395624223595195
2024-11-08,3,Green_Algae,0.6229657849645958,0.5354337113998997
2024-11-09,3,Green_Algae,1.0034616731985602,0.6151716216617529
2024-11-10,3,Green_Algae,0.8530058461844865,0.6472307822243328
2024-11-11,3,Green_Algae,0.3325673811229337,0.7346532486020032
2024-11-12,3,Green_Algae,0.059136621821283875,1.1101117261167763
2024-11-13,3,Green_Algae,0.16494559965830113,1.5787118298985723
2024-11-14,3,Green_Algae,0.39011793413754114,1.462173024100018
2024-11-15,3,Green_Algae,0.5411042825362404,1.2228125854129233
2024-11-16,3,Green_Algae,0.2821318788400089,1.3250868256326052
2024-11-17,3,Green_Algae,0.010056331424679321,1.2238984875441803
2024-11-18,3,Green_Algae,0.0759810995222665,1.1714377005717762
2024-11-19,3,Green_Algae,0.01657814738122143,0.8612706424089405
2024-11-20,3,Green_Algae,0.22980518175963693,0.8713605301273262
2024-11-21,3,Green_Algae,0.32191213124741447,0.7621872519655133
2024-11-22,3,Green_Algae,0.5607759476798915,0.6708742954339231
2024-11-23,3,Green_Algae,0.11748983090308096,0.6024560579957465
2024-11-24,3,Green_Algae,0.00999983287466577,0.5545629904634226
2024-11-25,3,Green_Algae,0.00999983287466577,0.5413585260113005
2024-11-26,3,Green_Algae,0.00999983287466577,0.519964408406242
2024-11-27,3,Green_Algae,0.00999983287466577,0.6451493756418407
2024-11-28,3,Green_Algae,0.015217285639899547,0.7534717856404525
2024-11-29,3,Green_Algae,0.020434738405133324,0.6788541506378101
2024-11-30,3,Green_Algae,0.025652191170366656,0.666153276594807
2024-12-01,3,Green_Algae,0.030869643935600433,0.5164856043534196
2024-12-02,3,Green_Algae,0.1470483656420698,0.4482632285552888
2024-12-03,3,Green_Algae,0.26322708734853917,0.4242306286646067
2024-12-04,3,Green_Algae,0.37940618571200835,0.465230873095301
2024-12-05,3,Green_Algae,0.4955849074184777,0.3339176964682533
2024-12-06,3,Green_Algae,0.3256063831042879,0.14740430650715375
2024-12-07,3,Green_Algae,0.8112982399076252,-0.050019330118524774
2024-12-08,3,Green_Algae,0.25589244558580493,-0.25857732432383607
2024-12-09,3,Green_Algae,0.06931954381869154,-0.29563020339359714
2024-12-10,3,Green_Algae,0.5481511583509064,-0.19781238047046923
2024-12-11,3,Green_Algae,0.26615107564023033,-0.06778398087072546
2024-12-12,3,Green_Algae,0.04139381717508872,0.2927351500495159
2024-12-13,3,Green_Algae,0.04505680650095467,0.5609239738809264
2024-12-14,3,Green_Algae,0.016056100779097804,0.5284821298062559
2024-12-15,3,Green_Algae,0.011882364561111025,0.5250609542744469
2024-12-16,3,Green_Algae,0.018916057380774287,1.2917025857437117
2024-12-17,3,Green_Algae,0.012773911680322048,1.3008779502658814
2024-12-18,3,Green_Algae,0.010593820963806344,1.127480887018883
2024-12-19,3,Green_Algae,0.01085748086386884,0.9597227557202186
2024-12-20,3,Green_Algae,0.010816048593858874,1.0213031619787785
2024-12-21,3,Green_Algae,0.043219096997520356,0.8102373854668743
2024-12-22,3,Green_Algae,0.015586409499986686,0.8095428299587097
2024-12-23,3,Green_Algae,0.27329475230391953,0.7458098289446409
2024-12-24,3,Green_Algae,1.718931814606726,0.6990064301135748
2024-12-25,3,Green_Algae,1.0898569959369873,0.6460179466840459
2024-12-26,3,Green_Algae,1.0384352172993294,0.44041972318543454
2024-12-27,3,Green_Algae,0.9870134386616711,0.6138476723064397
2024-12-28,3,Green_Algae,0.9355916600240128,0.48071411239796147
2024-12-29,3,Green_Algae,0.8841698813863546,0.25069307235657545
2024-12-30,3,Green_Algae,0.8327481027486967,0.0752865440141024
2024-12-31,3,Green_Algae,0.7813265124395383,0.03131711245170621
2025-01-01,3,Green_Algae,0.7299047338018805,-0.04415930051113959
2025-01-02,3,Green_Algae,0.6784829551642222,-0.03194770391125212
2025-01-03,3,Green_Algae,0.6270611765265639,-0.0018961251591469441
2025-01-04,3,Green_Algae,0.5756392095604057,0.07660220691541353
2025-01-05,3,Green_Algae,0.5242176192512478,0.10451098399401237
2025-01-06,3,Green_Algae,0.4727960289420894,0.1861517654203153
2025-01-07,3,Green_Algae,0.4213740619759312,0.22368450550818952
2025-01-08,3,Green_Algae,0.36995247166677325,0.21970399433124843
2025-01-09,3,Green_Algae,0.31853050470061506,0.36071872530959004
2025-01-10,3,Green_Algae,0.2671089143914567,0.3745725464298655
2025-01-11,3,Green_Algae,0.21568694742529848,0.3548142501761937
2025-01-12,3,Green_Algae,0.16426535711614054,0.31227046535913505
2025-01-13,3,Green_Algae,0.11284339014998235,0.33160163257470554
2025-01-14,3,Green_Algae,0.061421799840823965,0.3487338762237564
2025-01-15,3,Green_Algae,0.00999983287466577,0.45137064880602384
2025-01-16,3,Green_Algae,0.03838545771537749,0.4282405190875549
2025-01-17,3,Green_Algae,0.010041641801675993,0.4734502821512443
2025-01-18,3,Green_Algae,0.00999983287466577,0.4987089005772165
2025-01-19,3,Green_Algae,0.00999983287466577,0.5212412756365441
2025-01-20,3,Green_Algae,0.013734763687549112,0.4941942897741489
2025-01-21,3,Green_Algae,0.029899375503370962,0.48761107872659215
2025-01-22,3,Green_Algae,0.011337718538982244,0.5379637164694979
2025-01-23,3,Green_Algae,0.021497664459384502,0.5276225985320528
2025-01-24,3,Green_Algae,0.01940533482388984,0.5502431113294013
2025-01-25,3,Green_Algae,0.07538334486312515,0.5370378935632787
2025-01-26,3,Green_Algae,0.03280227100305755,0.6312921646085643
2025-01-27,3,Green_Algae,0.28956746467876693,0.6274269104736505
2025-01-28,3,Green_Algae,0.36278205235607786,0.5980318448727004
2025-01-29,3,Green_Algae,0.5925974376754155,0.28415000704648596
2025-01-30,3,Green_Algae,0.6226652126785246,0.11533535286257157
2025-01-31,3,Green_Algae,0.7192637968923643,0.03717714205909184
2025-02-01,3,Green_Algae,0.5600162305107119,-0.051776058366940436
2025-02-02,3,Green_Algae,0.2807137652346734,0.08963265583349456
2025-02-03,3,Green_Algae,0.2871463134821943,0.21605192805838502
2025-02-04,3,Green_Algae,0.5451684115672011,0.2948414159940138
2025-02-05,3,Green_Algae,0.6948447469195909,0.3024819032408206
2025-02-06,3,Green_Algae,0.8080621912913597,0.30125852130453135
2025-02-07,3,Green_Algae,0.963734906085167,0.27704587936780634
2025-02-08,3,Green_Algae,0.7635258909438298,0.1906437768033773
2025-02-09,3,Green_Algae,0.7323889750459678,0.2677368016106052
2025-02-10,3,Green_Algae,0.763459787640314,0.3685068621004315
2025-02-11,3,Green_Algae,0.8849019142660279,0.38378105676804264
2025-02-12,3,Green_Algae,1.0077173323140665,0.21664742277552573
2025-02-13,3,Green_Algae,0.8807230931785397,0.34428932362270537
2025-02-14,3,Green_Algae,1.059558895178324,0.47419568635442033
2025-02-15,3,Green_Algae,1.4707163581760376,0.45356731243054327
2025-02-16,3,Green_Algae,1.656197142971393,0.28796252920138743
2025-02-17,3,Green_Algae,1.5316447711674437,0.41538031913351414
2025-02-18,3,Green_Algae,1.4764641439973967,0.17367274235036456
2025-02-19,3,Green_Algae,1.3538841365744139,0.10503830379413692
2025-02-20,3,Green_Algae,1.2015949316124068,-0.18879634185933725
2025-02-21,3,Green_Algae,0.9416213736099386,-0.29412583533524117
2025-02-22,3,Green_Algae,0.709297452670008,-0.2833971373447044
2025-02-23,3,Green_Algae,0.6776435750395238,-0.12383355573997745
2025-02-24,3,Green_Algae,0.4737598942053176,-0.13950098031568192
2025-02-25,3,Green_Algae,0.5350642108828123,-0.13503684155062645
2025-02-26,3,Green_Algae,0.18312494976759952,-0.08387100134452874
2025-02-27,3,Green_Algae,0.00999983287466577,-0.1820767809777486
2025-02-28,3,Green_Algae,0.00999983287466577,-0.2421102569369431
2025-03-01,3,Green_Algae,0.00999983287466577,-0.32339773409716255
2025-03-02,3,Green_Algae,0.00999983287466577,-0.5845340322589054
2025-03-03,3,Green_Algae,0.00999983287466577,-0.7991238116636437
2025-03-04,3,Green_Algae,0.00999983287466577,-0.8298899087449172
2025-03-05,3,Green_Algae,0.00999983287466577,-0.8291576875367443
2025-03-06,3,Green_Algae,0.00999983287466577,-0.8384678952649454
2025-03-07,3,Green_Algae,0.00999983287466577,-0.9133548400226523
2025-03-08,3,Green_Algae,0.00999983287466577,-1.0075740819669292
2025-03-09,3,Green_Algae,0.00999983287466577,-0.9333493002153794
2025-03-10,3,Green_Algae,0.00999983287466577,-0.8111225970584801
2025-03-11,3,Green_Algae,0.00999983287466577,-0.6726875898737488
2025-03-12,3,Green_Algae,0.04463269071885456,-0.5501331951267723
2025-03-13,3,Green_Algae,0.013601803766517762,-0.4895742826524536
2025-03-14,3,Green_Algae,0.011534710150028715,-0.4176241325244412
2025-03-15,3,Green_Algae,0.052227602468650325,-0.35132685065376634
2025-03-16,3,Green_Algae,0.010875183742872885,-0.3819490647610069
2025-03-17,3,Green_Algae,0.00999983287466577,-0.4163800344531472
2025-03-18,3,Green_Algae,0.00999983287466577,-0.3573797286451974
2025-03-19,3,Green_Algae,0.010069514419682513,-0.5795282607277219
2025-03-20,3,Green_Algae,0.010516606278788032,-0.6797032031574073
2025-03-21,3,Green_Algae,0.010383646357756682,-0.74061692652581
2025-03-22,3,Green_Algae,0.01044428813477083,-0.745760554519026
2025-03-23,3,Green_Algae,0.013585607515513853,-0.7394967486075448
2025-03-24,3,Green_Algae,0.023472853767851465,-0.6818275486379095
2025-03-25,3,Green_Algae,0.1180796757652205,-0.6074445709463223
2025-03-26,3,Green_Algae,0.1833494373396527,-0.5345456218350861
2025-03-27,3,Green_Algae,0.5017413660849335,-0.47597395169323775
2025-03-28,3,Green_Algae,0.24097720503927844,-0.4650072064786448
2025-03-29,3,Green_Algae,0.00999983287466577,-0.42010592549802794
2025-03-30,3,Green_Algae,0.00999983287466577,-0.463516021415292
2025-03-31,3,Green_Algae,0.00999983287466577,-0.45332933284788357
2025-04-01,3,Green_Algae,0.00999983287466577,-0.39870163815396786
2025-04-02,3,Green_Algae,0.00999983287466577,-0.3838127635974473
2025-04-03,3,Green_Algae,0.00999983287466577,-0.2753626668758056
2025-04-04,3,Green_Algae,0.00999983287466577,-0.15620797821163235
2025-04-05,3,Green_Algae,0.00999983287466577,-0.07451333483431632
2025-04-06,3,Green_Algae,0.00999983287466577,0.03874704843546306
2025-04-07,3,Green_Algae,0.00999983287466577,0.14316804522715243
2025-04-08,3,Green_Algae,0.00999983287466577,0.43880537128305264
2025-04-09,3,Green_Algae,0.00999983287466577,0.4553564331809663
2025-04-10,3,Green_Algae,0.00999983287466577,0.556006716744764
2025-04-11,3,Green_Algae,0.00999983287466577,0.34929283521188825
2025-04-12,3,Green_Algae,0.00999983287466577,0.4585218586097146
2025-04-13,3,Green_Algae,0.00999983287466577,0.37653530605732977
2025-04-14,3,Green_Algae,0.00999983287466577,0.424654367789707
2025-04-15,3,Green_Algae,0.00999983287466577,0.3588086976621385
2025-04-16,3,Green_Algae,0.00999983287466577,0.5196389767581651
2025-04-17,3,Green_Algae,0.00999983287466577,0.7544458206426827
2025-04-18,3,Green_Algae,0.00999983287466577,0.8610299585858834
2025-04-19,3,Green_Algae,0.00999983287466577,0.8657483408259989
2025-04-20,3,Green_Algae,0.00999983287466577,0.8391785793827169
2025-04-21,3,Green_Algae,0.00999983287466577,0.994659764091979
2025-04-22,3,Green_Algae,0.00999983287466577,1.0355995550741586
2025-04-23,3,Green_Algae,0.00999983287466577,0.9991176880165331
2025-04-24,3,Green_Algae,0.00999983287466577,1.1243188515031357
2025-04-25,3,Green_Algae,0.00999983287466577,1.4691886373836764
2025-04-26,3,Green_Algae,0.00999983287466577,1.7773507503350383
2025-04-27,3,Green_Algae,0.00999983287466577,1.8560097266201365
2025-04-28,3,Green_Algae,0.07468577609896032,1.8695332195513341
2025-04-29,3,Green_Algae,0.9495808893358206,1.8728692706011227
2025-04-30,3,Green_Algae,5.614495726646293,1.8715298783088061
2025-05-01,3,Green_Algae,5.224969110178193,1.7697127113587325
2025-05-02,3,Green_Algae,4.835442493710094,1.5137215478182058
2025-05-03,3,Green_Algae,4.445915924324119,2.1060845503317642
2025-05-04,3,Green_Algae,4.056389307856019,2.3218021349590185
2025-05-05,3,Green_Algae,3.66686269138792,2.1756681645282168
2025-05-06,3,Green_Algae,3.27733607491982,2.4442530431952205
2025-05-07,3,Green_Algae,2.8878095055338453,2.231768023106981
2025-05-08,3,Green_Algae,0.10000013976094557,1.7250877082876812
2025-05-09,3,Green_Algae,0.07100696717909027,1.5996916248035329
2025-05-10,3,Green_Algae,0.05758102841091617,0.9730820261993771
2025-05-11,3,Green_Algae,0.06054381237361639,0.5002219317465739
2025-05-12,3,Green_Algae,0.07275465565950379,0.4424427479329127
2025-05-13,3,Green_Algae,0.05141214006345729,0.4549202643748629
2025-05-14,3,Green_Algae,0.043194614292514366,0.48223392339332083
2025-05-15,3,Green_Algae,0.026342603451530167,0.4696946352033562
2025-05-16,3,Green_Algae,0.00999983287466577,0.43448963537603236
2025-05-17,3,Green_Algae,0.00999983287466577,0.34188625196213707
2025-05-18,3,Green_Algae,0.038229145060340475,0.49518489768438334
2025-05-19,3,Green_Algae,0.023229156688794106,0.7298482352518669
2025-05-20,3,Green_Algae,0.00999983287466577,0.8077054971122757
2025-05-21,3,Green_Algae,0.00999983287466577,0.6299090801042375
2025-05-22,3,Green_Algae,1.2760281930135058,0.603828596104071
2024-06-19,3,Cyanobacteria,4.156615198985742,2.425329121549403
2024-06-20,3,Cyanobacteria,5.109370825966199,2.544092670673881
2024-06-21,3,Cyanobacteria,2.629563053589609,2.6501579608486243
2024-06-22,3,Cyanobacteria,2.079829404852716,2.81075381900685
2024-06-23,3,Cyanobacteria,1.5487760473517018,3.0281648342231833
2024-06-24,3,Cyanobacteria,1.4499789440729463,2.9873546520549388
2024-06-25,3,Cyanobacteria,1.3561054655672984,2.904673976042666
2024-06-26,3,Cyanobacteria,1.3209995918175381,2.7862899115511066
2024-06-27,3,Cyanobacteria,1.3604303200175045,2.6750998062295555
2024-06-28,3,Cyanobacteria,1.3998609743590373,2.5909518585712035
2024-06-29,3,Cyanobacteria,1.4392917025590037,2.53951847015113
2024-06-30,3,Cyanobacteria,1.4787224307589701,2.5104212754255877
2024-07-01,3,Cyanobacteria,1.5181531589589365,2.4957860790491737
2024-07-02,3,Cyanobacteria,1.557583887158903,2.500875368289319
2024-07-03,3,Cyanobacteria,1.5970146153588693,2.500561986954661
2024-07-04,3,Cyanobacteria,1.6364453435588358,2.5199689551642686
2024-07-05,3,Cyanobacteria,1.6758760348295851,2.5422412613135537
2024-07-06,3,Cyanobacteria,1.7153067630295515,2.571266370207697
2024-07-07,3,Cyanobacteria,1.754737491229518,2.588712914008673
2024-07-08,3,Cyanobacteria,1.7941682009648758,2.6050294976307824
2024-07-09,3,Cyanobacteria,1.8335989291648425,2.606346171930322
2024-07-10,3,Cyanobacteria,1.8730296389002004,2.6204985557249163
2024-07-11,3,Cyanobacteria,1.9124603671001668,2.6432711050464
2024-07-12,3,Cyanobacteria,1.9518910768355247,2.657950394907799
2024-07-13,3,Cyanobacteria,1.9913217958031868,2.7344613066517134
2024-07-14,3,Cyanobacteria,2.030752519387001,2.8220551195394927
2024-07-15,3,Cyanobacteria,2.070183238643173,2.868784021159574
2024-07-16,3,Cyanobacteria,2.1096139573223254,2.859952694370421
2024-07-17,3,Cyanobacteria,2.1490446762899875,2.8386408432944075
2024-07-18,3,Cyanobacteria,2.188475399873802,2.7716855880000253
2024-07-19,3,Cyanobacteria,2.227906118841464,2.778783383489212
2024-07-20,3,Cyanobacteria,2.267336828576822,2.7333157623433126
2024-07-21,3,Cyanobacteria,2.3067675567767885,2.7070808773616615
2024-07-22,3,Cyanobacteria,2.3461982665121464,2.69768165307494
2024-07-23,3,Cyanobacteria,2.3856289947121128,2.7005521611049845
2024-07-24,3,Cyanobacteria,2.425059722912079,2.7132539652595415
2024-07-25,3,Cyanobacteria,2.464490414182829,2.736403340310326
2024-07-26,3,Cyanobacteria,2.5039211423827954,2.80910219670998
2024-07-27,3,Cyanobacteria,2.543351870582762,2.803734756608105
2024-07-28,3,Cyanobacteria,2.582782598782728,2.779589326718952
2024-07-29,3,Cyanobacteria,2.6222133269826946,2.7150563326198185
2024-07-30,3,Cyanobacteria,2.661644018253444,2.6819309727726863
2024-07-31,3,Cyanobacteria,2.7010747833826274,2.723766900869691
2024-08-01,3,Cyanobacteria,2.7405054377241598,2.76545850958703
2024-08-02,3,Cyanobacteria,2.779936165924126,2.854867245768834
2024-08-03,3,Cyanobacteria,2.8193668941240926,2.9116588419865566
2024-08-04,3,Cyanobacteria,2.858797622324059,2.9619823597217603
2024-08-05,3,Cyanobacteria,2.8982283505240254,3.0711607828816154
2024-08-06,3,Cyanobacteria,2.937659078723992,3.0798616018182248
2024-08-07,3,Cyanobacteria,2.977089806923958,3.0984790972288323
2024-08-08,3,Cyanobacteria,3.0165205351239246,3.1252344625935455
2024-08-09,3,Cyanobacteria,3.0559511894654574,3.148061741014483
2024-08-10,3,Cyanobacteria,3.0953819176654234,3.217396493470937
2024-08-11,3,Cyanobacteria,3.1348126458653898,3.24208116378534
2024-08-12,3,Cyanobacteria,3.174243374065356,3.187262843343732
2024-08-13,3,Cyanobacteria,3.213674102265323,3.166323829641594
2024-08-14,3,Cyanobacteria,2.51202060595132,3.213671074069537
2024-08-15,3,Cyanobacteria,2.1301284881407465,3.2488559024850403
2024-08-16,3,Cyanobacteria,1.7162456514401505,3.301446652562924
2024-08-17,3,Cyanobacteria,1.9709851345579898,3.2584072751454114
2024-08-18,3,Cyanobacteria,2.1755134201538433,3.1330618316919128
2024-08-19,3,Cyanobacteria,1.9877089458872177,2.9747903723041365
2024-08-20,3,Cyanobacteria,2.1425091142797266,2.8966570862031413
2024-08-21,3,Cyanobacteria,5.825709890108474,2.844227569086266
2024-08-22,3,Cyanobacteria,5.125394265464514,2.7642648095797853
2024-08-23,3,Cyanobacteria,4.425078640820555,2.7549769638112496
2024-08-24,3,Cyanobacteria,2.536459069176616,3.072193619220021
2024-08-25,3,Cyanobacteria,1.7120582844644823,3.2954955092586444
2024-08-26,3,Cyanobacteria,1.0761327378502328,3.264634131983105
2024-08-27,3,Cyanobacteria,0.9477904145864402,3.083087738207067
2024-08-28,3,Cyanobacteria,0.8274174901892322,2.939563518439795
2024-08-29,3,Cyanobacteria,0.48264898006553536,2.7323996961887613
2024-08-30,3,Cyanobacteria,0.13788046994183834,2.5850692558935005
2024-08-31,3,Cyanobacteria,0.4183165116141969,2.449313096902246
2024-09-01,3,Cyanobacteria,0.6003124078184059,2.368526280385133
2024-09-02,3,Cyanobacteria,0.7755394739976198,2.3314321929910204
2024-09-03,3,Cyanobacteria,1.0360471807761027,2.404561902564308
2024-09-04,3,Cyanobacteria,1.39186380472134,2.4350203820834113
2024-09-05,3,Cyanobacteria,1.4426499716859325,2.430148310497103
2024-09-06,3,Cyanobacteria,1.3857365090524227,2.4354474315477033
2024-09-07,3,Cyanobacteria,1.5848378708102708,2.4618969491380076
2024-09-08,3,Cyanobacteria,1.038901292233841,2.4671573683692913
2024-09-09,3,Cyanobacteria,1.1076540402318689,2.495840955865495
2024-09-10,3,Cyanobacteria,1.512870877631245,2.628040092684437
2024-09-11,3,Cyanobacteria,2.70634118514705,2.7227949977391788
2024-09-12,3,Cyanobacteria,3.3819120187114846,2.7334665074067197
2024-09-13,3,Cyanobacteria,4.142161398922767,2.698456428045612
2024-09-14,3,Cyanobacteria,3.3129978900355814,2.783779537244322
2024-09-15,3,Cyanobacteria,3.069733173214493,2.952289917452811
2024-09-16,3,Cyanobacteria,3.229552853091804,3.1447172834146766
2024-09-17,3,Cyanobacteria,3.3594826895319185,3.121441019574606
2024-09-18,3,Cyanobacteria,4.033889218745766,3.0842727229191222
2024-09-19,3,Cyanobacteria,5.413530492012218,3.0717176754725464
2024-09-20,3,Cyanobacteria,5.807697295270774,3.1249882185752216
2024-09-21,3,Cyanobacteria,4.29945475107159,3.1366709979184955
2024-09-22,3,Cyanobacteria,3.3535264499957065,3.2693323408162236
2024-09-23,3,Cyanobacteria,2.2214376156729507,3.3472072701157494
2024-09-24,3,Cyanobacteria,0.6470396845529434,3.2756866034522405
2024-09-25,3,Cyanobacteria,0.029993092204990024,3.138629871300017
2024-09-26,3,Cyanobacteria,0.05209035386614458,2.8790903008719217
2024-09-27,3,Cyanobacteria,0.6710296424389248,2.645334266536462
2024-09-28,3,Cyanobacteria,0.7657582538912304,2.4154247794338515
2024-09-29,3,Cyanobacteria,2.0137150405216846,2.2469139376101515
2024-09-30,3,Cyanobacteria,2.4855938736878462,2.1567497773673336
2024-10-01,3,Cyanobacteria,2.3003854310466165,2.1485581200088046
2024-10-02,3,Cyanobacteria,1.942241444761273,2.2223879059792693
2024-10-03,3,Cyanobacteria,1.9331098926709849,2.31870429834472
2024-10-04,3,Cyanobacteria,1.68257517942228,2.398841677653337
2024-10-05,3,Cyanobacteria,2.1980854161306187,2.436413943012547
2024-10-06,3,Cyanobacteria,2.93673311553931,2.4662597668231925
2024-10-07,3,Cyanobacteria,3.8911317972383146,2.4555154696691317
2024-10-08,3,Cyanobacteria,3.4381240477990964,2.4838789177839837
2024-10-09,3,Cyanobacteria,2.673692655348598,2.5860260180450814
2024-10-10,3,Cyanobacteria,2.4262254305729103,2.7496029503087653
2024-10-11,3,Cyanobacteria,2.6029718385940392,2.8313379429345287
2024-10-12,3,Cyanobacteria,3.5544187310565913,2.776561721800193
2024-10-13,3,Cyanobacteria,4.760641731187849,2.6711747474815652
2024-10-14,3,Cyanobacteria,6.227771864507636,2.581723911992489
2024-10-15,3,Cyanobacteria,6.29530535748032,2.629140583348213
2024-10-16,3,Cyanobacteria,6.362838850453005,2.777098451038694
2024-10-17,3,Cyanobacteria,4.70217805388709,3.0444741797187795
2024-10-18,3,Cyanobacteria,5.582466296799455,3.2213355114629176
2024-10-19,3,Cyanobacteria,5.554226672348887,3.3286360100847077
2024-10-20,3,Cyanobacteria,5.140068754527715,3.198075053327682
2024-10-21,3,Cyanobacteria,4.0567619939619295,3.2683503190802794
2024-10-22,3,Cyanobacteria,5.039682143894924,3.346761017458667
2024-10-23,3,Cyanobacteria,6.0475445823594525,3.336995898490848
2024-10-24,3,Cyanobacteria,3.754799616321772,3.1492353515277314
2024-10-25,3,Cyanobacteria,3.511246260741352,3.1588820754261517
2024-10-26,3,Cyanobacteria,3.1276079033640456,3.3255070713947603
2024-10-27,3,Cyanobacteria,4.256938882232927,3.2151170744866784
2024-10-28,3,Cyanobacteria,4.139915659384325,3.1543080964787027
2024-10-29,3,Cyanobacteria,4.851031750521258,3.0183066536287635
2024-10-30,3,Cyanobacteria,6.432972455729553,3.1333915357404427
2024-10-31,3,Cyanobacteria,6.041695289835397,3.201797296816429
2024-11-01,3,Cyanobacteria,4.512645495379993,3.3220193284333623
2024-11-02,3,Cyanobacteria,3.4821517987778607,3.5800103829381866
2024-11-03,3,Cyanobacteria,3.712998106254923,3.628954151271377
2024-11-04,3,Cyanobacteria,5.276422058956328,3.4623986560889835
2024-11-05,3,Cyanobacteria,4.049208491936133,3.2400821852742596
2024-11-06,3,Cyanobacteria,3.619208235496349,3.1498764427332064
2024-11-07,3,Cyanobacteria,2.1169136863857023,3.2714958759178336
2024-11-08,3,Cyanobacteria,2.4258070594745904,3.144886862378706
2024-11-09,3,Cyanobacteria,2.091653051847913,3.031155879217206
2024-11-10,3,Cyanobacteria,2.865451085475442,2.7847111875284076
2024-11-11,3,Cyanobacteria,2.649732388553008,2.6672424506070613
2024-11-12,3,Cyanobacteria,2.0496080120601823,2.5794378457491867
2024-11-13,3,Cyanobacteria,2.6810680846904784,2.6643779251101556
2024-11-14,3,Cyanobacteria,1.7691105270951217,2.610713864272138
2024-11-15,3,Cyanobacteria,1.9326068613429102,2.520771500906053
2024-11-16,3,Cyanobacteria,2.2668200780446672,2.5090263111862092
2024-11-17,3,Cyanobacteria,2.181764714900824,2.4152630663930235
2024-11-18,3,Cyanobacteria,2.292316157112912,2.371145263518836
2024-11-19,3,Cyanobacteria,1.9656885154618349,2.371967215564104
2024-11-20,3,Cyanobacteria,1.8186171520877727,2.3758899847006463
2024-11-21,3,Cyanobacteria,1.9696988345393551,2.384912567904151
2024-11-22,3,Cyanobacteria,2.2770516868804327,2.347324016760286
2024-11-23,3,Cyanobacteria,2.4312372423159876,2.291703409081412
2024-11-24,3,Cyanobacteria,2.4629399410110624,2.246810166510648
2024-11-25,3,Cyanobacteria,2.5442022396604385,2.2289267500736827
2024-11-26,3,Cyanobacteria,2.654061489863159,2.2116580573813223
2024-11-27,3,Cyanobacteria,2.755242263305497,2.197860000190629
2024-11-28,3,Cyanobacteria,3.1401273510455248,2.1731617676213175
2024-11-29,3,Cyanobacteria,3.525012438785552,2.1424326569522765
2024-11-30,3,Cyanobacteria,3.9098974526671455,2.126162248699755
2024-12-01,3,Cyanobacteria,4.294782614265607,2.1431723537830405
2024-12-02,3,Cyanobacteria,4.448371818241968,2.2043372371189403
2024-12-03,3,Cyanobacteria,4.601961022218329,2.308256949023794
2024-12-04,3,Cyanobacteria,4.755549930760954,2.434429293037626
2024-12-05,3,Cyanobacteria,4.909139134737314,2.468154826517902
2024-12-06,3,Cyanobacteria,4.281264157408407,2.475394873350608
2024-12-07,3,Cyanobacteria,4.116805798595629,2.447522399174511
2024-12-08,3,Cyanobacteria,3.2391692211739285,2.517848331812702
2024-12-09,3,Cyanobacteria,2.8343069042568425,2.4890094938886285
2024-12-10,3,Cyanobacteria,3.1810240214397614,2.4574981623955567
2024-12-11,3,Cyanobacteria,3.292988310864514,2.361314798301703
2024-12-12,3,Cyanobacteria,3.433917662276722,2.279749790861355
2024-12-13,3,Cyanobacteria,2.4233524113561162,2.2083600013425575
2024-12-14,3,Cyanobacteria,2.352351892712717,2.104103758100199
2024-12-15,3,Cyanobacteria,2.2012347397482976,2.0647427384132935
2024-12-16,3,Cyanobacteria,2.230415459130175,2.1165158386996783
2024-12-17,3,Cyanobacteria,2.1774451874901564,1.981426621365732
2024-12-18,3,Cyanobacteria,2.751966715624436,1.8202809979554382
2024-12-19,3,Cyanobacteria,2.6467413066297683,1.7093255962719283
2024-12-20,3,Cyanobacteria,2.5497919567188663,1.6531501271090532
2024-12-21,3,Cyanobacteria,3.3061502530617104,1.6714407250916152
2024-12-22,3,Cyanobacteria,3.083616490734716,1.7030869959432586
2024-12-23,3,Cyanobacteria,2.9609335699616515,1.7319290836384196
2024-12-24,3,Cyanobacteria,5.379092372362539,1.8210628264065392
2024-12-25,3,Cyanobacteria,4.2676883864065704,1.8484256773893437
2024-12-26,3,Cyanobacteria,4.250700355762691,1.8483887112432216
2024-12-27,3,Cyanobacteria,4.233712177401943,2.077045587005319
2024-12-28,3,Cyanobacteria,4.216724146758062,2.115524598507964
2024-12-29,3,Cyanobacteria,4.199736116114181,2.1383710662732356
2024-12-30,3,Cyanobacteria,4.182748085470301,2.1608222575492095
2024-12-31,3,Cyanobacteria,4.165759907109552,2.149642010989582
2025-01-01,3,Cyanobacteria,4.148771876465672,2.1542370026614504
2025-01-02,3,Cyanobacteria,4.131783845821792,2.114093466716779
2025-01-03,3,Cyanobacteria,4.114795815177911,2.1151451046427416
2025-01-04,3,Cyanobacteria,4.09780778453403,2.078518730396886
2025-01-05,3,Cyanobacteria,4.080819606173282,2.04772807257172
2025-01-06,3,Cyanobacteria,4.063831575529401,2.011852658567784
2025-01-07,3,Cyanobacteria,4.046843544885521,1.9883119999992802
2025-01-08,3,Cyanobacteria,4.029855514241641,1.9527963596587397
2025-01-09,3,Cyanobacteria,4.01286748359776,1.923313310010363
2025-01-10,3,Cyanobacteria,3.9958793052370116,1.8900351185990687
2025-01-11,3,Cyanobacteria,3.978891274593131,1.8598519833212108
2025-01-12,3,Cyanobacteria,3.9619032439492505,1.829640818767722
2025-01-13,3,Cyanobacteria,3.9449152133053698,1.8130375167055601
2025-01-14,3,Cyanobacteria,3.927927034944622,1.806866829206779
2025-01-15,3,Cyanobacteria,3.910939004300741,1.8047057683627015
2025-01-16,3,Cyanobacteria,3.5364801423695695,1.8131267007643863
2025-01-17,3,Cyanobacteria,3.256329711260756,1.7970144095701965
2025-01-18,3,Cyanobacteria,3.619419322900179,1.7711454931280763
2025-01-19,3,Cyanobacteria,4.279693483954993,1.712781653965222
2025-01-20,3,Cyanobacteria,3.606339141989211,1.661238216478771
2025-01-21,3,Cyanobacteria,3.8403925303791917,1.6181048172750176
2025-01-22,3,Cyanobacteria,3.7916205567630454,1.6530920005216443
2025-01-23,3,Cyanobacteria,3.9443240504011507,1.6162127119176608
2025-01-24,3,Cyanobacteria,4.1020147609238755,1.6112093200360376
2025-01-25,3,Cyanobacteria,3.915799184679206,1.5779453279086433
2025-01-26,3,Cyanobacteria,3.8573213265591564,1.5727337291021084
2025-01-27,3,Cyanobacteria,3.352997032742153,1.5960970720356418
2025-01-28,3,Cyanobacteria,3.2743688951346277,1.6199245413672403
2025-01-29,3,Cyanobacteria,2.925466971621161,1.660920551354952
2025-01-30,3,Cyanobacteria,2.628274630141002,1.6846904849666122
2025-01-31,3,Cyanobacteria,2.704053863310373,1.694679616564178
2025-02-01,3,Cyanobacteria,2.6427248849991547,1.6542453738240286
2025-02-02,3,Cyanobacteria,3.0344077921994477,1.6150876263954257
2025-02-03,3,Cyanobacteria,2.992498670394537,1.5733512594671977
2025-02-04,3,Cyanobacteria,2.742146055114392,1.5328204098956242
2025-02-05,3,Cyanobacteria,2.560704281809846,1.520912953196699
2025-02-06,3,Cyanobacteria,2.569134520374191,1.50350570208251
2025-02-07,3,Cyanobacteria,2.6037166270405843,1.4941901594012958
2025-02-08,3,Cyanobacteria,2.221111502990765,1.475581379285878
2025-02-09,3,Cyanobacteria,2.29789250579482,1.4543237403002813
2025-02-10,3,Cyanobacteria,2.6357472202525605,1.4482932730380895
2025-02-11,3,Cyanobacteria,2.7788157334832215,1.3938496364312023
2025-02-12,3,Cyanobacteria,4.761676930996137,1.3646742256242548
2025-02-13,3,Cyanobacteria,3.5937994570968677,1.3768344997421134
2025-02-14,3,Cyanobacteria,3.7173086321689706,1.3689840129539639
2025-02-15,3,Cyanobacteria,4.066711315863672,1.5339829416438011
2025-02-16,3,Cyanobacteria,4.379374746544895,1.576151971277291
2025-02-17,3,Cyanobacteria,3.8524308642228293,1.657578383366594
2025-02-18,3,Cyanobacteria,3.6857537980583843,1.7961248585933831
2025-02-19,3,Cyanobacteria,3.244554018007749,2.0019650269228824
2025-02-20,3,Cyanobacteria,4.558254850860375,2.1116270012488947
2025-02-21,3,Cyanobacteria,3.600341098579462,2.0570257138150394
2025-02-22,3,Cyanobacteria,3.050404199510989,1.9827016025793855
2025-02-23,3,Cyanobacteria,3.8243463424832624,2.0577667354814597
2025-02-24,3,Cyanobacteria,3.242584361294891,2.0378045826572033
2025-02-25,3,Cyanobacteria,2.738734977207289,1.9849293206599772
2025-02-26,3,Cyanobacteria,5.764431911045802,2.0322613317859464
2025-02-27,3,Cyanobacteria,5.699388924461207,2.007685399550721
2025-02-28,3,Cyanobacteria,5.294133606817816,1.9671433788910337
2025-03-01,3,Cyanobacteria,5.465034341378146,2.171765824757691
2025-03-02,3,Cyanobacteria,6.86691468449867,2.3004152144600507
2025-03-03,3,Cyanobacteria,6.505913863225841,2.3625708902209097
2025-03-04,3,Cyanobacteria,6.144913337386748,2.3965773627187925
2025-03-05,3,Cyanobacteria,5.783912516113919,2.569490444166724
2025-03-06,3,Cyanobacteria,3.995177650115812,2.6430425870521903
2025-03-07,3,Cyanobacteria,3.5215851120230104,2.6627093153735095
2025-03-08,3,Cyanobacteria,3.609642682016686,2.676595217938916
2025-03-09,3,Cyanobacteria,4.0597282963806265,2.532220813740052
2025-03-10,3,Cyanobacteria,4.439893608624863,2.396646051062236
2025-03-11,3,Cyanobacteria,5.394914916920889,2.2953156219683892
2025-03-12,3,Cyanobacteria,5.2924499299606715,2.287601570172096
2025-03-13,3,Cyanobacteria,5.189984943000454,2.3160550147885464
2025-03-14,3,Cyanobacteria,5.087519956040236,2.4396185865971503
2025-03-15,3,Cyanobacteria,4.985055264513753,2.4959799574379264
2025-03-16,3,Cyanobacteria,4.882590277553535,2.589932316750884
2025-03-17,3,Cyanobacteria,5.625519264168789,2.620170033411328
2025-03-18,3,Cyanobacteria,4.509025693538941,2.5952893428135915
2025-03-19,3,Cyanobacteria,4.394967148223492,2.5623377718612157
2025-03-20,3,Cyanobacteria,4.700154037366948,2.629177586423552
2025-03-21,3,Cyanobacteria,4.005087974764502,2.582279475131611
2025-03-22,3,Cyanobacteria,4.032076880496924,2.5433028285827115
2025-03-23,3,Cyanobacteria,4.227482366226896,2.5334208655726047
2025-03-24,3,Cyanobacteria,4.505732345975332,2.4598218964401024
2025-03-25,3,Cyanobacteria,5.035901773818768,2.443503614074015
2025-03-26,3,Cyanobacteria,4.455102389598249,2.474218788579827
2025-03-27,3,Cyanobacteria,5.083039998879028,2.5501184109963084
2025-03-28,3,Cyanobacteria,4.944103717303195,2.606758745141587
2025-03-29,3,Cyanobacteria,4.4907801492010035,2.632950349081025
2025-03-30,3,Cyanobacteria,3.5802065509383874,2.7242250447346175
2025-03-31,3,Cyanobacteria,3.4690265642222684,2.7763924382698995
2025-04-01,3,Cyanobacteria,3.36960218126516,2.7047750909165322
2025-04-02,3,Cyanobacteria,3.702667379400984,2.621461300409636
2025-04-03,3,Cyanobacteria,4.032964511154459,2.5228546041732436
2025-04-04,3,Cyanobacteria,4.040228783553454,2.430292039009298
2025-04-05,3,Cyanobacteria,4.369511839010711,2.406324903379364
2025-04-06,3,Cyanobacteria,4.6987947467511,2.421368463036316
2025-04-07,3,Cyanobacteria,3.820243506485091,2.326486798444547
2025-04-08,3,Cyanobacteria,4.305716173656307,2.231500144089116
2025-04-09,3,Cyanobacteria,3.831089765207027,2.3040429006889114
2025-04-10,3,Cyanobacteria,3.3564633567577467,2.355450494050977
2025-04-11,3,Cyanobacteria,2.8818370221669,2.386282457205251
2025-04-12,3,Cyanobacteria,2.407210650646836,2.471346766451889
2025-04-13,3,Cyanobacteria,1.166469505252866,2.401925525769443
2025-04-14,3,Cyanobacteria,0.6653158062824787,2.339322064788999
2025-04-15,3,Cyanobacteria,0.045836907992278686,2.2238883677590415
2025-04-16,3,Cyanobacteria,0.010000057323096723,2.058793192297645
2025-04-17,3,Cyanobacteria,0.010000057323096723,1.883871835408277
2025-04-18,3,Cyanobacteria,0.010000057323096723,1.7649796064274932
2025-04-19,3,Cyanobacteria,0.012684220524636913,1.680717048944476
2025-04-20,3,Cyanobacteria,0.19688641586363254,1.7120638977054519
2025-04-21,3,Cyanobacteria,0.36621204546452146,1.6995271671504613
2025-04-22,3,Cyanobacteria,0.28567001426166505,1.7227636212947082
2025-04-23,3,Cyanobacteria,0.01733656327035904,1.8306865434028277
2025-04-24,3,Cyanobacteria,0.5650278705172582,1.9008703170205419
2025-04-25,3,Cyanobacteria,1.8506289298637357,1.9162605681658005
2025-04-26,3,Cyanobacteria,1.6557591762834083,1.9347298850935755
2025-04-27,3,Cyanobacteria,1.979815288844506,2.0192822076770396
2025-04-28,3,Cyanobacteria,2.455806139535393,2.1370763556254504
2025-04-29,3,Cyanobacteria,1.6560965246798376,2.2048648540731697
2025-04-30,3,Cyanobacteria,1.3113472546781484,2.2566194343572765
2025-05-01,3,Cyanobacteria,0.9400713219520396,2.333285910427404
2025-05-02,3,Cyanobacteria,1.3620850443685946,2.3336235911867855
2025-05-03,3,Cyanobacteria,1.75639923213182,2.3477090961695652
2025-05-04,3,Cyanobacteria,2.7952992371657426,2.2603915692180623
2025-05-05,3,Cyanobacteria,1.6534901344090995,2.3267964683929057
2025-05-06,3,Cyanobacteria,2.20842023289533,2.3558665201440228
2025-05-07,3,Cyanobacteria,1.6503234171302585,2.433380060126914
2025-05-08,3,Cyanobacteria,0.08253465256595605,2.412651986111739
2025-05-09,3,Cyanobacteria,0.0698726581072231,2.4480392604943164
2025-05-10,3,Cyanobacteria,0.06358789625742167,2.434637647679405
2025-05-11,3,Cyanobacteria,0.06894676878097483,2.140451561414482
2025-05-12,3,Cyanobacteria,0.05612272891846137,1.9795835026146003
2025-05-13,3,Cyanobacteria,0.03229171438204004,1.8637371215857266
2025-05-14,3,Cyanobacteria,0.05060181099112793,1.755600711674678
2025-05-15,3,Cyanobacteria,0.02116892968391726,1.6645478867562522
2025-05-16,3,Cyanobacteria,0.010023101154445602,1.6117292834100634
2025-05-17,3,Cyanobacteria,0.010000057323096723,1.5828621577058406
2025-05-18,3,Cyanobacteria,0.012986153802054368,1.5317766425090145
2025-05-19,3,Cyanobacteria,0.02918980787886749,1.5172769763586427
2025-05-20,3,Cyanobacteria,0.7556977011881698,1.5421253169623697
2025-05-21,3,Cyanobacteria,0.12263889582384024,1.638438634970513
2025-05-22,3,Cyanobacteria,0.6741314012252297,1.7016082023815051
2024-06-19,3,Diatoms,0.17920445119949668,0.1435560130187178
2024-06-20,3,Diatoms,0.21136883906743364,0.18069422163225612
2024-06-21,3,Diatoms,0.24353317155562892,0.13651935227275003
2024-06-22,3,Diatoms,0.2756975040438242,0.06920045814068343
2024-06-23,3,Diatoms,0.3078618365320194,0.039447581127157405
2024-06-24,3,Diatoms,0.34002616902021465,0.06826996771983573
2024-06-25,3,Diatoms,0.37219050150840993,0.12873445583602694
2024-06-26,3,Diatoms,0.4043548339966051,0.19721687834221624
2024-06-27,3,Diatoms,0.43651922186454206,0.2589453536840608
2024-06-28,3,Diatoms,0.46868355435273734,0.31423604480719913
2024-06-29,3,Diatoms,0.5008478868409326,0.3329637013145924
2024-06-30,3,Diatoms,0.5330122193291278,0.3348715334178065
2024-07-01,3,Diatoms,0.5651765518173231,0.3225663763203971
2024-07-02,3,Diatoms,0.5973409119953892,0.31968352848396997
2024-07-03,3,Diatoms,0.6295052444835845,0.3115588219518819
2024-07-04,3,Diatoms,0.6616695769717797,0.26822915821093185
2024-07-05,3,Diatoms,0.6938339094599749,0.27356782069516816
2024-07-06,3,Diatoms,0.725998269638041,0.2555232733022348
2024-07-07,3,Diatoms,0.7581626021262362,0.26409544814764563
2024-07-08,3,Diatoms,0.7903269346144315,0.25749750571580454
2024-07-09,3,Diatoms,0.8224912809475622,0.29063258969709815
2024-07-10,3,Diatoms,0.8546556272806929,0.27660850079557664
2024-07-11,3,Diatoms,0.8868199597688882,0.291058958328815
2024-07-12,3,Diatoms,0.9189843061020188,0.2894186657579849
2024-07-13,3,Diatoms,0.9511486455126817,0.26359570135811283
2024-07-14,3,Diatoms,0.9833129849233447,0.23891001533477507
2024-07-15,3,Diatoms,1.015477325199316,0.2693029160236813
2024-07-16,3,Diatoms,1.0476416654752876,0.30813314188684227
2024-07-17,3,Diatoms,1.0798060066165676,0.3441997524975593
2024-07-18,3,Diatoms,1.1119703425659966,0.3965321685760099
2024-07-19,3,Diatoms,1.1441346888991273,0.3820993771803891
2024-07-20,3,Diatoms,1.1762990213873226,0.4249207656515772
2024-07-21,3,Diatoms,1.2084633677204533,0.44658570828153576
2024-07-22,3,Diatoms,1.2406277002086483,0.4317638188203944
2024-07-23,3,Diatoms,1.2727920603867144,0.4487576463731454
2024-07-24,3,Diatoms,1.3049563928749097,0.4771503969293438
2024-07-25,3,Diatoms,1.337120725363105,0.5003411622039396
2024-07-26,3,Diatoms,1.3692850578513003,0.49497021333026425
2024-07-27,3,Diatoms,1.4014494180293664,0.5312492606303262
2024-07-28,3,Diatoms,1.4336137505175617,0.5656082369042477
2024-07-29,3,Diatoms,1.4657780830057567,0.5912127836026662
2024-07-30,3,Diatoms,1.497942415493952,0.5954409161256324
2024-07-31,3,Diatoms,1.5301067479821473,0.5864152365750483
2024-08-01,3,Diatoms,1.5622711358500843,0.5529640450278578
2024-08-02,3,Diatoms,1.5944354683382795,0.5217564529580987
2024-08-03,3,Diatoms,1.6265998008264748,0.47352435295866036
2024-08-04,3,Diatoms,1.65876413331467,0.4208293103312446
2024-08-05,3,Diatoms,1.6909284658028652,0.404395704246015
2024-08-06,3,Diatoms,1.7230927982910607,0.40854492063699066
2024-08-07,3,Diatoms,1.7552571307792557,0.40555125793732605
2024-08-08,3,Diatoms,1.787421518647193,0.3950253965625339
2024-08-09,3,Diatoms,1.819585851135388,0.3998634261813695
2024-08-10,3,Diatoms,1.8517501836235832,0.3940501593103539
2024-08-11,3,Diatoms,1.8839145161117785,0.36512083443636045
2024-08-12,3,Diatoms,1.9160788485999736,0.3768352004488037
2024-08-13,3,Diatoms,1.948243181088169,0.390495832105234
2024-08-14,3,Diatoms,1.6887995577705937,0.4135041211307705
2024-08-15,3,Diatoms,1.0952901304907636,0.416635291729195
2024-08-16,3,Diatoms,0.12010512909713222,0.42785411981247834
2024-08-17,3,Diatoms,0.1096410715141306,0.39909913036550715
2024-08-18,3,Diatoms,0.0991769585513873,0.3244741530438694
2024-08-19,3,Diatoms,0.08871284558864401,0.25443943637648725
2024-08-20,3,Diatoms,0.07824873262590071,0.21329738319406144
2024-08-21,3,Diatoms,0.06778461966315741,0.1950209608224298
2024-08-22,3,Diatoms,0.05732050670041411,0.214668530219997
2024-08-23,3,Diatoms,0.0468563937376707,0.20815847543830968
2024-08-24,3,Diatoms,0.0363922807749274,0.12199845170800838
2024-08-25,3,Diatoms,0.0259281678121841,0.07905794141232059
2024-08-26,3,Diatoms,0.015464054849440911,0.07467286270124085
2024-08-27,3,Diatoms,0.005000052646181086,0.1459409415970897
2024-08-28,3,Diatoms,0.009999957250145464,0.1905406289555437
2024-08-29,3,Diatoms,0.009999957250145464,0.29342550083292673
2024-08-30,3,Diatoms,0.009999957250145464,0.3334231316521328
2024-08-31,3,Diatoms,0.04942246945130002,0.383757723547029
2024-09-01,3,Diatoms,0.030651949023793867,0.4488390545935148
2024-09-02,3,Diatoms,0.10004088252265408,0.49949988854704774
2024-09-03,3,Diatoms,0.22404875087725096,0.49630204073955875
2024-09-04,3,Diatoms,0.3095800483994888,0.4324771098941069
2024-09-05,3,Diatoms,0.4216615017104899,0.35987592985490324
2024-09-06,3,Diatoms,0.34083659616095296,0.27126933989366453
2024-09-07,3,Diatoms,0.5051786380253577,0.25061923103123573
2024-09-08,3,Diatoms,0.06603993627913252,0.24101965121691837
2024-09-09,3,Diatoms,0.19430672829310747,0.234227159752317
2024-09-10,3,Diatoms,0.3002735381785012,0.18491377029525147
2024-09-11,3,Diatoms,0.9913053581012924,0.2540966911548097
2024-09-12,3,Diatoms,1.683565341479294,0.3093208712081088
2024-09-13,3,Diatoms,3.4838042425523312,0.374708064568268
2024-09-14,3,Diatoms,2.182177510863132,0.36535110340254806
2024-09-15,3,Diatoms,1.9313884674466886,0.4025721601097413
2024-09-16,3,Diatoms,2.253710969481437,0.5441490853946243
2024-09-17,3,Diatoms,2.038354327873214,0.5163340563043397
2024-09-18,3,Diatoms,2.7312905775063356,0.495419232276356
2024-09-19,3,Diatoms,3.742915421280194,0.49495365478748166
2024-09-20,3,Diatoms,3.815068800727624,0.5153650215832355
2024-09-21,3,Diatoms,3.3351814081046083,0.5307104711228612
2024-09-22,3,Diatoms,2.220852507310174,0.6001074346842749
2024-09-23,3,Diatoms,1.001805438475684,0.6461591788713579
2024-09-24,3,Diatoms,0.016862282569090947,0.671347131462478
2024-09-25,3,Diatoms,0.01359720375512019,0.6372893379140523
2024-09-26,3,Diatoms,0.012097188070137266,0.557855959135414
2024-09-27,3,Diatoms,0.11036726606767044,0.528790344716979
2024-09-28,3,Diatoms,0.017431807833226065,0.5804680061087446
2024-09-29,3,Diatoms,0.4853130939642709,0.6851353026641537
2024-09-30,3,Diatoms,0.657896195198176,0.7267686295356248
2024-10-01,3,Diatoms,0.9030704250481575,0.7074631131129634
2024-10-02,3,Diatoms,0.6214444738633442,0.6789829456344159
2024-10-03,3,Diatoms,0.6168757836184995,0.5736626111643159
2024-10-04,3,Diatoms,0.45914937801342426,0.49690844891169794
2024-10-05,3,Diatoms,0.8560529273896688,0.44330008358337647
2024-10-06,3,Diatoms,1.7966214782450574,0.41443295015936576
2024-10-07,3,Diatoms,2.6551261541235904,0.39772454979558325
2024-10-08,3,Diatoms,2.204155404413708,0.3919460060226436
2024-10-09,3,Diatoms,1.4238687711912852,0.45031874591327603
2024-10-10,3,Diatoms,1.3468056730493267,0.558376307188877
2024-10-11,3,Diatoms,1.4325203882762334,0.5587881109485142
2024-10-12,3,Diatoms,2.3505722422286457,0.48148253260731255
2024-10-13,3,Diatoms,3.6510986892087978,0.45542990841841213
2024-10-14,3,Diatoms,3.484083577969707,0.48589358441727204
2024-10-15,3,Diatoms,3.3170684667306167,0.5799480457134739
2024-10-16,3,Diatoms,3.1500533554915258,0.6972839012316419
2024-10-17,3,Diatoms,2.983038244252435,0.7192004063384901
2024-10-18,3,Diatoms,2.816023243772827,0.7039544465049145
2024-10-19,3,Diatoms,2.6490081325337362,0.6506273548849304
2024-10-20,3,Diatoms,2.4819930212946453,0.6153215234764746
2024-10-21,3,Diatoms,2.314978020815038,0.5825281601916362
2024-10-22,3,Diatoms,2.1479629095759476,0.5781680854339557
2024-10-23,3,Diatoms,1.9809477983368564,0.5429124003816526
2024-10-24,3,Diatoms,1.8139327424775074,0.49657240463877184
2024-10-25,3,Diatoms,0.2406963442845943,0.4626214109223069
2024-10-26,3,Diatoms,0.1859125439376743,0.4390885096031928
2024-10-27,3,Diatoms,0.7062105341141101,0.4511767996319176
2024-10-28,3,Diatoms,0.645077612515022,0.406903409711842
2024-10-29,3,Diatoms,1.0117547084774174,0.38001997863724013
2024-10-30,3,Diatoms,1.063738072966099,0.38680477231773847
2024-10-31,3,Diatoms,0.7769926280862505,0.3425710342927545
2024-11-01,3,Diatoms,0.12952051589039615,0.3625227492320009
2024-11-02,3,Diatoms,0.010605147067966225,0.3777129139757657
2024-11-03,3,Diatoms,0.01678441865219349,0.3603730737965739
2024-11-04,3,Diatoms,0.009999957250145464,0.31872966781210466
2024-11-05,3,Diatoms,0.012130526674669628,0.27875679173745993
2024-11-06,3,Diatoms,0.009999957250145464,0.2504028623802268
2024-11-07,3,Diatoms,0.009999957250145464,0.21906606937297002
2024-11-08,3,Diatoms,0.010246286341440092,0.20859486780328296
2024-11-09,3,Diatoms,0.015168991585408076,0.21350981988340634
2024-11-10,3,Diatoms,0.009999957250145464,0.2138901679497307
2024-11-11,3,Diatoms,0.010168200905575686,0.2152463070656525
2024-11-12,3,Diatoms,0.010716128070429098,0.28101584216283904
2024-11-13,3,Diatoms,0.009999957250145464,0.3039380710696994
2024-11-14,3,Diatoms,0.010076713572208185,0.28753968650022144
2024-11-15,3,Diatoms,0.010798422366666394,0.23785696954543933
2024-11-16,3,Diatoms,0.2556527511384413,0.26022639787017254
2024-11-17,3,Diatoms,0.5426029937645073,0.23329290350903054
2024-11-18,3,Diatoms,1.1463772776962717,0.23085032461949895
2024-11-19,3,Diatoms,1.0751592897768338,0.19143556558218922
2024-11-20,3,Diatoms,0.37024395896571405,0.249041683707806
2024-11-21,3,Diatoms,0.2844877089324964,0.28200824713496075
2024-11-22,3,Diatoms,0.1552930293455359,0.29192127628757103
2024-11-23,3,Diatoms,0.759390924798204,0.25511196796027336
2024-11-24,3,Diatoms,2.356500422063788,0.22443723976561225
2024-11-25,3,Diatoms,2.299424066547732,0.22286966079569714
2024-11-26,3,Diatoms,2.2209213997089083,0.25073397785613727
2024-11-27,3,Diatoms,2.0964624079780334,0.38952724042206377
2024-11-28,3,Diatoms,1.6569120132316542,0.49713450901751277
2024-11-29,3,Diatoms,1.2173616461751464,0.5106490489152122
2024-11-30,3,Diatoms,0.7778112514287675,0.5401502250024941
2024-12-01,3,Diatoms,0.33826088437225954,0.5143545074355621
2024-12-02,3,Diatoms,0.8960657876378555,0.490280379900346
2024-12-03,3,Diatoms,1.4538707185933224,0.4659346701115984
2024-12-04,3,Diatoms,2.0116755803241118,0.4176986935302376
2024-12-05,3,Diatoms,2.5694804974346432,0.41031812458801564
2024-12-06,3,Diatoms,2.661596833908895,0.41626225378878146
2024-12-07,3,Diatoms,2.7537131703831466,0.4736005554833054
2024-12-08,3,Diatoms,2.845829506857398,0.45316426780376506
2024-12-09,3,Diatoms,1.238424943290756,0.4485794343642008
2024-12-10,3,Diatoms,1.216702447264186,0.5103386454627153
2024-12-11,3,Diatoms,1.5076900253579615,0.5549300258599071
2024-12-12,3,Diatoms,1.3567113643861552,0.6165150122908829
2024-12-13,3,Diatoms,0.5906684007412846,0.690738624934203
2024-12-14,3,Diatoms,0.4890478483680054,0.7138800191690307
2024-12-15,3,Diatoms,0.3876108798386205,0.7116299956415565
2024-12-16,3,Diatoms,0.3763211103061582,0.7664456670298524
2024-12-17,3,Diatoms,0.29494373645294447,0.7631828587852932
2024-12-18,3,Diatoms,0.6117096567196787,0.7244537286406929
2024-12-19,3,Diatoms,0.6116438378966114,0.6782436537719527
2024-12-20,3,Diatoms,0.5014866367822525,0.6845945471758565
2024-12-21,3,Diatoms,0.9484899541034469,0.5833722859052282
2024-12-22,3,Diatoms,0.9497447413695024,0.541832550797311
2024-12-23,3,Diatoms,1.307469110207365,0.49760999948015994
2024-12-24,3,Diatoms,3.0227678925013226,0.5152240801404872
2024-12-25,3,Diatoms,3.0469617510381974,0.5605118607901584
2024-12-26,3,Diatoms,3.056323807140158,0.5511964898104911
2024-12-27,3,Diatoms,3.065685863242119,0.7190109522419708
2024-12-28,3,Diatoms,3.0750479193440796,0.7971786547128322
2024-12-29,3,Diatoms,3.0844099754460403,0.7920308031287882
2024-12-30,3,Diatoms,3.0937722530669687,0.781482540648459
2024-12-31,3,Diatoms,3.1031343091689294,0.8069268737540009
2025-01-01,3,Diatoms,3.11249636527089,0.7951358344891077
2025-01-02,3,Diatoms,3.121858421372851,0.8272060906410088
2025-01-03,3,Diatoms,3.1312204774748116,0.8412167776450273
2025-01-04,3,Diatoms,3.1405825335767723,0.8737920831967335
2025-01-05,3,Diatoms,3.1499448111976998,0.8769445057710538
2025-01-06,3,Diatoms,3.1593068672996605,0.9033130298518195
2025-01-07,3,Diatoms,3.168668923401621,0.9182780551779759
2025-01-08,3,Diatoms,3.178030979503582,0.9213047588160608
2025-01-09,3,Diatoms,3.1873930356055427,0.9760652512141728
2025-01-10,3,Diatoms,3.19675531322647,0.9906380737480369
2025-01-11,3,Diatoms,3.206117369328431,0.9825130453211999
2025-01-12,3,Diatoms,3.2154794254303916,0.9828820509241676
2025-01-13,3,Diatoms,3.2248414815323523,0.9887308681281514
2025-01-14,3,Diatoms,3.234203537634313,0.9924886085859451
2025-01-15,3,Diatoms,3.2435655937362737,1.0181408597400285
2025-01-16,3,Diatoms,2.9542715696799546,1.0230506788103386
2025-01-17,3,Diatoms,2.1453240648816614,1.0407743352121817
2025-01-18,3,Diatoms,2.1303962339745564,1.060370680079249
2025-01-19,3,Diatoms,2.6871867049757503,1.053886022101004
2025-01-20,3,Diatoms,2.5049454875405,1.004973429679903
2025-01-21,3,Diatoms,2.6929990303911557,0.9926591228107868
2025-01-22,3,Diatoms,2.7993976915026995,1.0318288660787245
2025-01-23,3,Diatoms,2.9239197053796837,1.0213845688961525
2025-01-24,3,Diatoms,3.0675517175010887,1.0516270097491973
2025-01-25,3,Diatoms,2.6825037940135505,1.06998875672731
2025-01-26,3,Diatoms,2.060817126442534,1.1061408632755843
2025-01-27,3,Diatoms,0.9319195323662293,1.1202787229340592
2025-01-28,3,Diatoms,0.894885631496273,1.0927199912885837
2025-01-29,3,Diatoms,0.3764848682025066,0.9455209423113279
2025-01-30,3,Diatoms,0.307255262220655,0.7743251797553519
2025-01-31,3,Diatoms,0.482759035654601,0.6824209476919945
2025-02-01,3,Diatoms,0.5170904881968738,0.5760516101537065
2025-02-02,3,Diatoms,0.8811941256338183,0.5864674596715165
2025-02-03,3,Diatoms,0.6260501854655476,0.6062317141849465
2025-02-04,3,Diatoms,0.3180080697771299,0.6090753808540869
2025-02-05,3,Diatoms,0.14018238991092113,0.6546266306251236
2025-02-06,3,Diatoms,0.06326629729343225,0.647763253091085
2025-02-07,3,Diatoms,0.05520788031221635,0.6278450982753376
2025-02-08,3,Diatoms,0.012340526655377548,0.5684013141793015
2025-02-09,3,Diatoms,0.03574854665685023,0.5540575734084112
2025-02-10,3,Diatoms,0.1375051670556039,0.5742864362652349
2025-02-11,3,Diatoms,0.19643020911068776,0.5651351831502374
2025-02-12,3,Diatoms,0.9285940411764791,0.4593035552144503
2025-02-13,3,Diatoms,0.788530554241485,0.5127293889139709
2025-02-14,3,Diatoms,0.5877325821818757,0.5774362421467576
2025-02-15,3,Diatoms,0.5414111663423513,0.6369056116834813
2025-02-16,3,Diatoms,0.7165380529438322,0.6142488455686893
2025-02-17,3,Diatoms,0.4559160871712167,0.5997646340828555
2025-02-18,3,Diatoms,0.23179106029257002,0.5353554469619637
2025-02-19,3,Diatoms,0.07829912819089124,0.4767486722827048
2025-02-20,3,Diatoms,0.42015738792461776,0.38619570591799546
2025-02-21,3,Diatoms,0.24066726992017673,0.38923394930976707
2025-02-22,3,Diatoms,0.11377201259032943,0.3325017235089317
2025-02-23,3,Diatoms,0.4151132902867384,0.38286694040101454
2025-02-24,3,Diatoms,0.240283488309864,0.3327735272814303
2025-02-25,3,Diatoms,0.1421626033365997,0.2927825974109757
2025-02-26,3,Diatoms,2.269034100985138,0.3211185283521407
2025-02-27,3,Diatoms,3.474883895270551,0.2929025499316016
2025-02-28,3,Diatoms,3.2469592643105836,0.2545609949096238
2025-03-01,3,Diatoms,3.532653605153291,0.3520323862716691
2025-03-02,3,Diatoms,3.9803091020031793,0.44335302661648734
2025-03-03,3,Diatoms,4.303641730527409,0.47277096695192233
2025-03-04,3,Diatoms,3.78357367703871,0.545877542514317
2025-03-05,3,Diatoms,3.263505623550012,0.5832075311735282
2025-03-06,3,Diatoms,2.445893625876814,0.6335391879421118
2025-03-07,3,Diatoms,2.1873904059538587,0.6071472797653931
2025-03-08,3,Diatoms,2.4192182011122165,0.5463140456387737
2025-03-09,3,Diatoms,2.5616369538514094,0.48923010309809767
2025-03-10,3,Diatoms,2.5623639791010753,0.4593491327419088
2025-03-11,3,Diatoms,3.1053574735216554,0.47379936875618023
2025-03-12,3,Diatoms,3.6151816039008002,0.479249953698489
2025-03-13,3,Diatoms,3.107029941722441,0.4886980145393841
2025-03-14,3,Diatoms,3.2260108801591008,0.5349650197826412
2025-03-15,3,Diatoms,3.3501793497647663,0.6242853715453973
2025-03-16,3,Diatoms,1.9443292178401383,0.6247175273601269
2025-03-17,3,Diatoms,2.099320002652223,0.628310897283179
2025-03-18,3,Diatoms,1.8463188708314027,0.6662623020245431
2025-03-19,3,Diatoms,1.780256819938304,0.5434554541292322
2025-03-20,3,Diatoms,1.7156178068891585,0.48731047510989134
2025-03-21,3,Diatoms,1.4939619411760823,0.4161324990538662
2025-03-22,3,Diatoms,1.3128380931002082,0.37828875253046
2025-03-23,3,Diatoms,1.297631314433919,0.35258380236025266
2025-03-24,3,Diatoms,1.2957249775837323,0.3506082408328809
2025-03-25,3,Diatoms,1.8340092833546535,0.32218026876093087
2025-03-26,3,Diatoms,2.4745909650126254,0.3145750795861796
2025-03-27,3,Diatoms,2.922641983978077,0.3038915520866312
2025-03-28,3,Diatoms,3.370692892184045,0.3536714051084391
2025-03-29,3,Diatoms,3.81874402190898,0.38404741497611206
2025-03-30,3,Diatoms,2.0619658130458682,0.40515446208770256
2025-03-31,3,Diatoms,1.6932653247654001,0.4610906594806541
2025-04-01,3,Diatoms,1.7591859357980748,0.530768509092213
2025-04-02,3,Diatoms,1.9053805900891203,0.46551738375752816
2025-04-03,3,Diatoms,1.9544381805190527,0.4868384181912324
2025-04-04,3,Diatoms,1.9513602298524477,0.5339446480409367
2025-04-05,3,Diatoms,2.6457309809360643,0.5836708934727326
2025-04-06,3,Diatoms,1.5750193308814766,0.6497013779130352
2025-04-07,3,Diatoms,1.3240417748241233,0.7582960119241069
2025-04-08,3,Diatoms,1.8360576692424235,0.9247323633271263
2025-04-09,3,Diatoms,1.4853138130148642,0.8830787397803045
2025-04-10,3,Diatoms,1.1345699567873047,0.8091331334405587
2025-04-11,3,Diatoms,0.7838261005597453,0.7676644090064977
2025-04-12,3,Diatoms,0.4330822443321859,0.6999002617507782
2025-04-13,3,Diatoms,0.14059413829081646,0.6589464166206827
2025-04-14,3,Diatoms,0.02042419679883034,0.5918161735788801
2025-04-15,3,Diatoms,0.010812378061586747,0.5370974721183847
2025-04-16,3,Diatoms,0.009999957250145464,0.5083068181177278
2025-04-17,3,Diatoms,0.009999957250145464,0.5269849651359986
2025-04-18,3,Diatoms,0.009999957250145464,0.5027988043832265
2025-04-19,3,Diatoms,0.07066071117109118,0.46203289040675233
2025-04-20,3,Diatoms,0.2692292609671566,0.3935534030268756
2025-04-21,3,Diatoms,0.17088181747040176,0.3917309111056949
2025-04-22,3,Diatoms,0.5292603525851932,0.3694778909981158
2025-04-23,3,Diatoms,0.009999957250145464,0.2711224174388075
2025-04-24,3,Diatoms,0.009999957250145464,0.21374235941900555
2025-04-25,3,Diatoms,0.009999957250145464,0.2729726546106037
2025-04-26,3,Diatoms,0.009999957250145464,0.2754465230542228
2025-04-27,3,Diatoms,0.009999957250145464,0.23592897921622902
2025-04-28,3,Diatoms,1.400903013807411,0.22976111585880188
2025-04-29,3,Diatoms,0.6915927466911804,0.23401261863278577
2025-04-30,3,Diatoms,2.6862102493692515,0.23399423255852547
2025-05-01,3,Diatoms,2.7766759372609666,0.3319983216564436
2025-05-02,3,Diatoms,2.8671415143931975,0.28727995551142393
2025-05-03,3,Diatoms,2.9576072022849123,0.5215532646856258
2025-05-04,3,Diatoms,3.048072890176627,0.6620471837408874
2025-05-05,3,Diatoms,3.436536303856723,0.6887261528089563
2025-05-06,3,Diatoms,2.6573452203754275,0.8391293351943895
2025-05-07,3,Diatoms,1.878154192273874,0.8711740889752156
2025-05-08,3,Diatoms,0.052604146374198524,0.7909495690509027
2025-05-09,3,Diatoms,0.041794020785014596,0.7521173495170389
2025-05-10,3,Diatoms,0.03407408478536167,0.5341283980240561
2025-05-11,3,Diatoms,0.03515044544597323,0.2743782478359065
2025-05-12,3,Diatoms,0.0236227091632204,0.15374477790549068
2025-05-13,3,Diatoms,0.01047456163692484,0.11266774053987694
2025-05-14,3,Diatoms,0.020798563853046126,0.1026805579130663
2025-05-15,3,Diatoms,0.009999957250145464,0.048465175235446356
2025-05-16,3,Diatoms,0.010046254714246805,-0.012185388813017672
2025-05-17,3,Diatoms,0.009999957250145464,-0.018940941989873172
2025-05-18,3,Diatoms,0.009999957250145464,0.02862482895685492
2025-05-19,3,Diatoms,0.009999957250145464,0.08784105769404904
2025-05-20,3,Diatoms,0.009999957250145464,0.06703555327627575
2025-05-21,3,Diatoms,0.009999957250145464,-0.03459712726044617
2025-05-22,3,Diatoms,0.17605517142552063,-0.053063059108339194
2024-06-19,3,Cryptophyta,0.9476101942958886,3.347903749994792
2024-06-20,3,Cryptophyta,2.764880160836878,3.6707652340850183
2024-06-21,3,Cryptophyta,3.074445027815206,3.304118009797202
2024-06-22,3,Cryptophyta,2.9157791283390555,2.692027967697949
2024-06-23,3,Cryptophyta,2.519238984848534,2.4139725465199775
2024-06-24,3,Cryptophyta,2.37023980745158,2.1874283016605705
2024-06-25,3,Cryptophyta,2.1752261837474896,2.1600170732780724
2024-06-26,3,Cryptophyta,2.1232462811434787,2.2681222463609974
2024-06-27,3,Cryptophyta,2.128576557179473,2.425944323627437
2024-06-28,3,Cryptophyta,2.1339068332154674,2.639744667353024
2024-06-29,3,Cryptophyta,2.1392371102318024,2.8317979215346294
2024-06-30,3,Cryptophyta,2.144567387248137,2.948211615704845
2024-07-01,3,Cryptophyta,2.1498976632841313,3.0323755893507487
2024-07-02,3,Cryptophyta,2.155227940055381,3.1420957381326415
2024-07-03,3,Cryptophyta,2.1605582163364603,3.204497783800644
2024-07-04,3,Cryptophyta,2.1658884923724546,3.1695779608140056
2024-07-05,3,Cryptophyta,2.1712187693887897,3.244387070460206
2024-07-06,3,Cryptophyta,2.176549045424784,3.1564851290440634
2024-07-07,3,Cryptophyta,2.1818793214607783,3.168527224015439
2024-07-08,3,Cryptophyta,2.1872095994574536,3.0856584291915814
2024-07-09,3,Cryptophyta,2.192539875493448,3.1036515204373467
2024-07-10,3,Cryptophyta,2.1978701515294423,2.939448281324589
2024-07-11,3,Cryptophyta,2.203200427565436,2.868103146040892
2024-07-12,3,Cryptophyta,2.2085307036014306,2.7779101880725525
2024-07-13,3,Cryptophyta,2.213860979637425,2.7680644950303233
2024-07-14,3,Cryptophyta,2.2191912556734192,2.600194060889238
2024-07-15,3,Cryptophyta,2.2245215317094136,2.505810202150789
2024-07-16,3,Cryptophyta,2.229851807745408,2.517427754783387
2024-07-17,3,Cryptophyta,2.2351820837814023,2.5262737201043315
2024-07-18,3,Cryptophyta,2.2405123598173966,2.6508876410673468
2024-07-19,3,Cryptophyta,2.2458426436961147,2.6116652682908903
2024-07-20,3,Cryptophyta,2.251172919732109,2.698050615099345
2024-07-21,3,Cryptophyta,2.2565031957681034,2.6089628538054392
2024-07-22,3,Cryptophyta,2.2618334718040978,2.5418921286176355
2024-07-23,3,Cryptophyta,2.267163747840092,2.444735584586164
2024-07-24,3,Cryptophyta,2.2724940238760865,2.2205912132888974
2024-07-25,3,Cryptophyta,2.277824299912081,1.9878863204555477
2024-07-26,3,Cryptophyta,2.283154575948075,1.7131979375707065
2024-07-27,3,Cryptophyta,2.2884848519840695,1.5131886790235076
2024-07-28,3,Cryptophyta,2.293815128020064,1.3730194364195212
2024-07-29,3,Cryptophyta,2.299145404056058,1.242530248525632
2024-07-30,3,Cryptophyta,2.304475680092052,1.1699340418999982
2024-07-31,3,Cryptophyta,2.3098059561280464,1.10266693490175
2024-08-01,3,Cryptophyta,2.3151362321640407,1.1309570836448046
2024-08-02,3,Cryptophyta,2.320466508200035,1.0908259901170472
2024-08-03,3,Cryptophyta,2.3257967842360294,1.0528503908697424
2024-08-04,3,Cryptophyta,2.3311270602720238,1.146577029332024
2024-08-05,3,Cryptophyta,2.336457336308018,1.001241753019293
2024-08-06,3,Cryptophyta,2.3417876123440124,1.0299724746291017
2024-08-07,3,Cryptophyta,2.347117888380007,1.1340990671283302
2024-08-08,3,Cryptophyta,2.352448164416001,1.1280725924775934
2024-08-09,3,Cryptophyta,2.3577784404519955,1.1862230660621633
2024-08-10,3,Cryptophyta,2.36310871648799,1.1725261563142795
2024-08-11,3,Cryptophyta,2.368438992523984,1.1209416740539324
2024-08-12,3,Cryptophyta,2.373769268559978,1.229166560437579
2024-08-13,3,Cryptophyta,2.3790995445959724,1.370304975509915
2024-08-14,3,Cryptophyta,1.8281220788457913,1.4037248932056645
2024-08-15,3,Cryptophyta,1.8398682521529617,1.4381401466972252
2024-08-16,3,Cryptophyta,1.8754122304911345,1.3925097350590998
2024-08-17,3,Cryptophyta,2.2829988037628097,1.2707899674993366
2024-08-18,3,Cryptophyta,2.6205041751601814,1.3106724780453112
2024-08-19,3,Cryptophyta,2.436184944882396,1.330543682107001
2024-08-20,3,Cryptophyta,2.5350920476656915,1.4437089827136549
2024-08-21,3,Cryptophyta,2.2556443704272677,1.5342807756249537
2024-08-22,3,Cryptophyta,2.1890338641299865,1.6455274322177451
2024-08-23,3,Cryptophyta,3.221494974574466,1.6967016145262068
2024-08-24,3,Cryptophyta,3.6749600248462615,1.5104154290543532
2024-08-25,3,Cryptophyta,3.7192390410162846,1.3080633606052694
2024-08-26,3,Cryptophyta,3.299042951687545,1.3641998226514156
2024-08-27,3,Cryptophyta,2.6530120154187324,1.6299440963664344
2024-08-28,3,Cryptophyta,1.6714567641644749,1.872615295495321
2024-08-29,3,Cryptophyta,1.7424022656010072,2.1779455247921415
2024-08-30,3,Cryptophyta,1.8133477670375395,2.4315437148968018
2024-08-31,3,Cryptophyta,1.9049246677788279,2.6266327934490663
2024-09-01,3,Cryptophyta,1.7898467934267333,3.0524886630224266
2024-09-02,3,Cryptophyta,1.5588738015046708,3.4564622344890243
2024-09-03,3,Cryptophyta,1.5905511286562402,3.677743627211174
2024-09-04,3,Cryptophyta,1.6161115702341176,3.611303457037737
2024-09-05,3,Cryptophyta,1.4786128065432127,3.6288456857627827
2024-09-06,3,Cryptophyta,1.5527205884331359,3.276957589769439
2024-09-07,3,Cryptophyta,1.4723501717856027,3.0981751658230245
2024-09-08,3,Cryptophyta,2.0862079403596456,2.6969530101818004
2024-09-09,3,Cryptophyta,2.0419212932191133,2.6098013664909616
2024-09-10,3,Cryptophyta,2.090546374533397,2.330171377289056
2024-09-11,3,Cryptophyta,2.3104298448269622,2.426332695322853
2024-09-12,3,Cryptophyta,3.094108305576636,2.665917500196346
2024-09-13,3,Cryptophyta,3.528574011734964,2.8761856692310097
2024-09-14,3,Cryptophyta,2.602287346682453,2.712926882320367
2024-09-15,3,Cryptophyta,2.2449440165306784,2.517433432915606
2024-09-16,3,Cryptophyta,2.502205968511209,2.297460081082959
2024-09-17,3,Cryptophyta,2.5702763900494014,1.9441653141023427
2024-09-18,3,Cryptophyta,2.713775653288959,1.6429610105674821
2024-09-19,3,Cryptophyta,3.5114741126468623,1.4974670288906873
2024-09-20,3,Cryptophyta,3.980603906245704,1.3422661703875125
2024-09-21,3,Cryptophyta,3.0523735318332363,1.288198807173582
2024-09-22,3,Cryptophyta,2.4727162280669432,1.1957344080922971
2024-09-23,3,Cryptophyta,1.9942079795544276,1.0550986802612647
2024-09-24,3,Cryptophyta,2.9208920824913673,0.8837931329822144
2024-09-25,3,Cryptophyta,2.9024239103929865,0.7242086309224485
2024-09-26,3,Cryptophyta,3.1288010660163104,0.6723982154674017
2024-09-27,3,Cryptophyta,2.221468453345824,0.7169436332882702
2024-09-28,3,Cryptophyta,2.7523314258912728,1.0595163298693766
2024-09-29,3,Cryptophyta,2.3162826815670265,1.5632388734906892
2024-09-30,3,Cryptophyta,2.1363064577711186,1.9340705518294388
2024-10-01,3,Cryptophyta,1.7694676004422758,2.216462975884021
2024-10-02,3,Cryptophyta,1.6972041449130293,2.4499243621946807
2024-10-03,3,Cryptophyta,1.6964924020192014,2.3760473289320294
2024-10-04,3,Cryptophyta,1.6063732283988117,2.232790249011423
2024-10-05,3,Cryptophyta,1.7566255789877498,2.1682100769220134
2024-10-06,3,Cryptophyta,2.2538268191265294,2.108232223142778
2024-10-07,3,Cryptophyta,3.699211358924164,2.0876942542097403
2024-10-08,3,Cryptophyta,3.2300454260528566,1.9799459387962801
2024-10-09,3,Cryptophyta,2.185511259523097,1.9182027917473943
2024-10-10,3,Cryptophyta,1.7381225224527537,2.0014325557888046
2024-10-11,3,Cryptophyta,2.1695930628826274,1.823380148283276
2024-10-12,3,Cryptophyta,3.615094316139031,1.5748915301561768
2024-10-13,3,Cryptophyta,4.451906071667175,1.4423960479643387
2024-10-14,3,Cryptophyta,6.824822748154279,1.4430232776637038
2024-10-15,3,Cryptophyta,7.653709587874999,1.6136862235042329
2024-10-16,3,Cryptophyta,6.336689093032911,1.710933868618377
2024-10-17,3,Cryptophyta,4.187597737985618,1.8536161082363345
2024-10-18,3,Cryptophyta,5.222602910474067,1.9758171524007195
2024-10-19,3,Cryptophyta,5.548097040176513,1.8670781127131946
2024-10-20,3,Cryptophyta,3.4983329696967154,1.6342038248828885
2024-10-21,3,Cryptophyta,1.4413168891337815,1.5535378630219054
2024-10-22,3,Cryptophyta,1.4861598285345627,1.5254230775888165
2024-10-23,3,Cryptophyta,2.089091415894091,1.3174426311622451
2024-10-24,3,Cryptophyta,1.4944832174659894,0.9976797759769447
2024-10-25,3,Cryptophyta,2.2311297482599715,0.7491399605471867
2024-10-26,3,Cryptophyta,2.0667359544807455,0.5894344923115304
2024-10-27,3,Cryptophyta,3.0926907175174727,0.4799710202026497
2024-10-28,3,Cryptophyta,3.009489077484539,0.5069134752433575
2024-10-29,3,Cryptophyta,3.9221535268931076,0.5744148600947045
2024-10-30,3,Cryptophyta,6.976555993270987,0.7286506243460404
2024-10-31,3,Cryptophyta,5.319869754576708,0.8658299068296664
2024-11-01,3,Cryptophyta,4.104826506649058,1.0078246218856912
2024-11-02,3,Cryptophyta,3.215186914759105,1.4133428335412122
2024-11-03,3,Cryptophyta,3.5156130632128035,1.550727281686229
2024-11-04,3,Cryptophyta,7.386179588633475,1.608002381782198
2024-11-05,3,Cryptophyta,3.8391403632047663,1.6013559554800234
2024-11-06,3,Cryptophyta,3.8090653359494047,1.6291988493554252
2024-11-07,3,Cryptophyta,1.380876779316449,2.2574666979469584
2024-11-08,3,Cryptophyta,2.144749176199958,2.432799648727655
2024-11-09,3,Cryptophyta,3.730439078390863,2.5854684367119467
2024-11-10,3,Cryptophyta,6.114696835802028,2.458786859977942
2024-11-11,3,Cryptophyta,3.0925097074461845,2.501036053677838
2024-11-12,3,Cryptophyta,1.9874740284517511,2.8798780237181196
2024-11-13,3,Cryptophyta,3.9948277215667867,3.405102932521867
2024-11-14,3,Cryptophyta,1.399502872506487,3.4338991565630193
2024-11-15,3,Cryptophyta,1.2018556228496702,3.2603256189696097
2024-11-16,3,Cryptophyta,0.6764183330783968,3.3549867964307953
2024-11-17,3,Cryptophyta,1.9781494373669168,3.0057771475581774
2024-11-18,3,Cryptophyta,1.0880618377078015,2.7825006285771385
2024-11-19,3,Cryptophyta,0.3114371543479417,2.3219521397331366
2024-11-20,3,Cryptophyta,0.04219555900771965,2.2946227246873443
2024-11-21,3,Cryptophyta,0.010152823656780274,2.046138255361272
2024-11-22,3,Cryptophyta,0.013523563715666764,1.7943273103109045
2024-11-23,3,Cryptophyta,0.032686663907492086,1.552148006835016
2024-11-24,3,Cryptophyta,0.04026612340555147,1.3254476054968647
2024-11-25,3,Cryptophyta,0.9858058917511927,1.2064998330704064
2024-11-26,3,Cryptophyta,0.5376708822336695,1.0445102498797252
2024-11-27,3,Cryptophyta,0.6936988030452398,1.0288037205188914
2024-11-28,3,Cryptophyta,2.180165380387587,1.0590059881293912
2024-11-29,3,Cryptophyta,3.6666319302804,1.024262218612435
2024-11-30,3,Cryptophyta,5.1530985566397725,0.9989738881885186
2024-12-01,3,Cryptophyta,6.63956530848273,0.9621954023416226
2024-12-02,3,Cryptophyta,5.564529115625519,1.2136106113786833
2024-12-03,3,Cryptophyta,4.489492922768308,1.6148365942692484
2024-12-04,3,Cryptophyta,3.4144568553946835,2.1433284780105355
2024-12-05,3,Cryptophyta,2.3394207095938175,2.454333039726469
2024-12-06,3,Cryptophyta,1.2787135029873247,2.5915819969706373
2024-12-07,3,Cryptophyta,1.5026243414902782,2.4367816820706185
2024-12-08,3,Cryptophyta,2.1466414000371463,2.0605947172488492
2024-12-09,3,Cryptophyta,2.6881830879133344,1.5219345711854557
2024-12-10,3,Cryptophyta,3.16724032711,1.2601249921309785
2024-12-11,3,Cryptophyta,3.626921144020427,1.1284365576157365
2024-12-12,3,Cryptophyta,3.973618235071621,1.2389092314565655
2024-12-13,3,Cryptophyta,2.1050114947883354,1.3746680397585744
2024-12-14,3,Cryptophyta,2.0482325371804424,1.6057195216630225
2024-12-15,3,Cryptophyta,1.8027912408574733,1.8498180024580095
2024-12-16,3,Cryptophyta,1.8866856443920115,1.8322382227701681
2024-12-17,3,Cryptophyta,1.8694591323666963,1.9009011621110392
2024-12-18,3,Cryptophyta,2.977040402736291,1.953073942788521
2024-12-19,3,Cryptophyta,2.874582930142255,1.9905559523544307
2024-12-20,3,Cryptophyta,2.561168446373981,2.0682938724015014
2024-12-21,3,Cryptophyta,3.6951114337531417,2.2404315954450342
2024-12-22,3,Cryptophyta,3.2092366086444315,2.3754194718147397
2024-12-23,3,Cryptophyta,2.656870227834248,2.3702252042993814
2024-12-24,3,Cryptophyta,5.87497801445981,2.42597773363193
2024-12-25,3,Cryptophyta,4.855693676460879,2.484813818153762
2024-12-26,3,Cryptophyta,4.76283055328842,2.3135108903445474
2024-12-27,3,Cryptophyta,4.669967430115961,2.661937192252676
2024-12-28,3,Cryptophyta,4.577104306943503,2.632654562465367
2024-12-29,3,Cryptophyta,4.484241183771044,2.5040655411274573
2024-12-30,3,Cryptophyta,4.391378060598585,2.321281304488002
2024-12-31,3,Cryptophyta,4.298514937426127,2.1898638909880765
2025-01-01,3,Cryptophyta,4.2056518142536685,2.031040337072887
2025-01-02,3,Cryptophyta,4.11278869108121,1.9462874768055438
2025-01-03,3,Cryptophyta,4.019925567908752,1.903547203095952
2025-01-04,3,Cryptophyta,3.9270624447362925,1.857555822240274
2025-01-05,3,Cryptophyta,3.8341994470474194,1.8153078206344353
2025-01-06,3,Cryptophyta,3.7413363238749606,1.7496490053735756
2025-01-07,3,Cryptophyta,3.648473200702502,1.7125043584258
2025-01-08,3,Cryptophyta,3.5556100775300434,1.6434842457458212
2025-01-09,3,Cryptophyta,3.462746954357585,1.6863807778895699
2025-01-10,3,Cryptophyta,3.3698838311851267,1.650438546023667
2025-01-11,3,Cryptophyta,3.277020708012668,1.6040269363274446
2025-01-12,3,Cryptophyta,3.184157584840209,1.5015510803882135
2025-01-13,3,Cryptophyta,3.0912944616677507,1.4463849201626817
2025-01-14,3,Cryptophyta,2.9984314012370845,1.40464933077598
2025-01-15,3,Cryptophyta,2.905568278064626,1.4317071052312556
2025-01-16,3,Cryptophyta,2.351654025863206,1.310615069305197
2025-01-17,3,Cryptophyta,2.4413867414128507,1.264926370541863
2025-01-18,3,Cryptophyta,3.198122527525543,1.1877276142456958
2025-01-19,3,Cryptophyta,3.975173102172718,1.110995280434782
2025-01-20,3,Cryptophyta,2.933089965333456,1.0513071937420457
2025-01-21,3,Cryptophyta,3.5161250362393934,1.1027420995691342
2025-01-22,3,Cryptophyta,3.4399089418969577,1.236587345942471
2025-01-23,3,Cryptophyta,3.7334368812352827,1.3133108331606458
2025-01-24,3,Cryptophyta,4.019350225671762,1.3977032496729482
2025-01-25,3,Cryptophyta,4.010972063155506,1.4753620915333292
2025-01-26,3,Cryptophyta,4.147743022053709,1.626322545992132
2025-01-27,3,Cryptophyta,3.371661808100262,1.725285959534173
2025-01-28,3,Cryptophyta,3.0526817822596626,1.7691749413512796
2025-01-29,3,Cryptophyta,2.662641406131407,1.7015077926842155
2025-01-30,3,Cryptophyta,2.1321579959415744,1.6844925322741613
2025-01-31,3,Cryptophyta,2.038503998750211,1.683851938572999
2025-02-01,3,Cryptophyta,1.8545293463966934,1.5453659955193042
2025-02-02,3,Cryptophyta,2.240422591997814,1.5874868822535904
2025-02-03,3,Cryptophyta,2.1188428288265952,1.6451579458018641
2025-02-04,3,Cryptophyta,1.4899597224539733,1.743822865266209
2025-02-05,3,Cryptophyta,1.3669201812895144,1.7662509228548098
2025-02-06,3,Cryptophyta,1.4244425467896242,1.8210359266910605
2025-02-07,3,Cryptophyta,1.44331251732701,1.7392147315761455
2025-02-08,3,Cryptophyta,0.7937595391667596,1.6221420603595726
2025-02-09,3,Cryptophyta,0.8798130446348178,1.5736004922924343
2025-02-10,3,Cryptophyta,1.2924956160893886,1.5998475800471499
2025-02-11,3,Cryptophyta,1.5791788023195275,1.501886121560026
2025-02-12,3,Cryptophyta,4.214344564117392,1.253044957301014
2025-02-13,3,Cryptophyta,2.4471376854819367,1.2990868923559784
2025-02-14,3,Cryptophyta,2.623736663679351,1.3726403505093918
2025-02-15,3,Cryptophyta,3.594916179228557,1.6729390076407828
2025-02-16,3,Cryptophyta,4.394880809388837,1.6667371069382881
2025-02-17,3,Cryptophyta,3.4757353837848495,1.8839280485000796
2025-02-18,3,Cryptophyta,3.316193922594721,1.888763432962485
2025-02-19,3,Cryptophyta,2.7053397055818333,1.7993192355455332
2025-02-20,3,Cryptophyta,4.558409511490705,1.6066311599076735
2025-02-21,3,Cryptophyta,3.2331949385514793,1.7831721019470488
2025-02-22,3,Cryptophyta,2.526053998347087,1.7253261456522528
2025-02-23,3,Cryptophyta,3.7129674969241435,2.115625104235467
2025-02-24,3,Cryptophyta,2.914795964450984,2.1007000238999
2025-02-25,3,Cryptophyta,2.2477191644390553,2.020885774029031
2025-02-26,3,Cryptophyta,5.62193183252738,2.2703957814812665
2025-02-27,3,Cryptophyta,4.046911440269851,2.226161821760964
2025-02-28,3,Cryptophyta,3.6094032591108616,2.135858440198551
2025-03-01,3,Cryptophyta,3.789059488001065,2.268395016303779
2025-03-02,3,Cryptophyta,6.238916048148587,2.133704004685846
2025-03-03,3,Cryptophyta,6.8962560356564016,1.9237225166257645
2025-03-04,3,Cryptophyta,5.795157655106898,1.850039920177991
2025-03-05,3,Cryptophyta,4.694059023590224,1.9597603983542944
2025-03-06,3,Cryptophyta,1.838895503402441,1.9832504862641065
2025-03-07,3,Cryptophyta,1.193604261496004,1.9074689729472438
2025-03-08,3,Cryptophyta,1.1713689466938844,1.7275722390810386
2025-03-09,3,Cryptophyta,2.0860701907542682,1.4151696235708924
2025-03-10,3,Cryptophyta,2.912219033550482,1.1880423270767464
2025-03-11,3,Cryptophyta,4.713057740285767,0.9842791329731244
2025-03-12,3,Cryptophyta,5.039052800459327,0.8547359030843695
2025-03-13,3,Cryptophyta,5.365047860632887,0.8944148165137651
2025-03-14,3,Cryptophyta,5.691043171773617,1.1522044661826245
2025-03-15,3,Cryptophyta,6.017038231947177,1.2807329103199008
2025-03-16,3,Cryptophyta,3.572055454239054,1.2207344399797946
2025-03-17,3,Cryptophyta,4.756378438317538,1.2633690565108595
2025-03-18,3,Cryptophyta,3.142535683581471,1.4886850601980663
2025-03-19,3,Cryptophyta,2.8493594119899646,1.3769421160268038
2025-03-20,3,Cryptophyta,3.3505882203275954,1.4600271818093202
2025-03-21,3,Cryptophyta,2.469782014029196,1.3550612296103712
2025-03-22,3,Cryptophyta,2.741053965144781,1.2945512254362224
2025-03-23,3,Cryptophyta,3.248989933839702,1.2913931800538234
2025-03-24,3,Cryptophyta,3.7634737614808205,1.3350618440666566
2025-03-25,3,Cryptophyta,4.127834298400121,1.3160643822069633
2025-03-26,3,Cryptophyta,2.814375968825757,1.3423804859334005
2025-03-27,3,Cryptophyta,2.1700099252338694,1.4234388035936214
2025-03-28,3,Cryptophyta,2.443353382897956,1.5353232305069135
2025-03-29,3,Cryptophyta,1.5768786254656288,1.352660289437759
2025-03-30,3,Cryptophyta,1.4370803123387503,1.0925083485404516
2025-03-31,3,Cryptophyta,1.7790059214431737,0.8017794460479881
2025-04-01,3,Cryptophyta,1.7774889503847313,0.5467940407937653
2025-04-02,3,Cryptophyta,2.6596235572842915,0.33579063206399207
2025-04-03,3,Cryptophyta,4.080779208880282,0.26668920602096646
2025-04-04,3,Cryptophyta,5.067485373071298,0.2502935208115955
2025-04-05,3,Cryptophyta,5.851936718591565,0.2967661155301029
2025-04-06,3,Cryptophyta,6.636388064111834,0.4632241064390077
2025-04-07,3,Cryptophyta,7.420839158664931,0.8733527732309141
2025-04-08,3,Cryptophyta,6.251793926537513,1.4386009224211562
2025-04-09,3,Cryptophyta,6.827467440190654,1.9036041569580706
2025-04-10,3,Cryptophyta,5.978967014208142,2.390560776052621
2025-04-11,3,Cryptophyta,5.198224210557442,2.660669243368564
2025-04-12,3,Cryptophyta,4.4174814069067425,2.9241646943868242
2025-04-13,3,Cryptophyta,3.636738603256043,3.1339289527152308
2025-04-14,3,Cryptophyta,2.8559957996053433,3.2194468315009366
2025-04-15,3,Cryptophyta,2.0752530037973678,3.2743392492859034
2025-04-16,3,Cryptophyta,1.2945101923039442,3.40925054145517
2025-04-17,3,Cryptophyta,1.639144615556651,3.4256015545082996
2025-04-18,3,Cryptophyta,1.9837790544948057,3.3834196200099362
2025-04-19,3,Cryptophyta,2.3284134620620645,3.184876292073002
2025-04-20,3,Cryptophyta,2.673047885314771,2.9283353922997577
2025-04-21,3,Cryptophyta,3.017682339938374,2.8921417854423064
2025-04-22,3,Cryptophyta,3.362316794561977,2.806268725369404
2025-04-23,3,Cryptophyta,3.7069511864437876,2.7791001489086193
2025-04-24,3,Cryptophyta,4.051585578325598,2.813518414006219
2025-04-25,3,Cryptophyta,4.396219970207408,2.868590649768417
2025-04-26,3,Cryptophyta,4.740854362089219,2.998478520323233
2025-04-27,3,Cryptophyta,5.085488753971029,3.1431262720740314
2025-04-28,3,Cryptophyta,5.43012339682001,3.2546265309920033
2025-04-29,3,Cryptophyta,3.3953546147415583,3.5001383020333696
2025-04-30,3,Cryptophyta,3.126554909845732,3.7222951937277053
2025-05-01,3,Cryptophyta,1.7381730609665917,3.9081698871536164
2025-05-02,3,Cryptophyta,3.1696154804059047,3.663237097373203
2025-05-03,3,Cryptophyta,4.633743581714538,3.9890642605101023
2025-05-04,3,Cryptophyta,4.111199190510668,3.8286989995847867
2025-05-05,3,Cryptophyta,3.5886547993067968,3.4273120212547328
2025-05-06,3,Cryptophyta,3.798474646863336,3.4053508880857253
2025-05-07,3,Cryptophyta,2.294442404775773,3.2526200484686774
2025-05-08,3,Cryptophyta,0.027812379533752818,2.55325752198628
2025-05-09,3,Cryptophyta,0.0121758700133201,2.2350345935127436
2025-05-10,3,Cryptophyta,0.009999984650312932,1.491724774559859
2025-05-11,3,Cryptophyta,0.06642355313882131,0.8579723757073612
2025-05-12,3,Cryptophyta,0.05511572536477205,0.5984735768697107
2025-05-13,3,Cryptophyta,0.032951434271733415,0.5918897041346327
2025-05-14,3,Cryptophyta,0.06215271932509925,0.5852333018874547
2025-05-15,3,Cryptophyta,0.039479090360754476,0.514767743792454
2025-05-16,3,Cryptophyta,0.03572913890815377,0.39289871350839456
2025-05-17,3,Cryptophyta,0.027303167146031537,0.4045669301384158
2025-05-18,3,Cryptophyta,0.013888971915037018,0.5220206950024773
2025-05-19,3,Cryptophyta,0.009999984650312932,0.6513750720958846
2025-05-20,3,Cryptophyta,0.0161552054592069,0.57230598296606
2025-05-21,3,Cryptophyta,0.03932876102598648,0.35038261622331346
2025-05-22,3,Cryptophyta,0.1734670743119704,0.1890592881269162
2024-06-19,3,Algae_Sum,6.750143916094274,7.682813538624769
2024-06-20,3,Algae_Sum,8.403301156137719,8.845363276016323
2024-06-21,3,Algae_Sum,5.948835463151714,8.262474346794093
2024-06-22,3,Algae_Sum,5.271959337556845,6.967887723142752
2024-06-23,3,Algae_Sum,4.3765379999404255,6.564259631157384
2024-06-24,3,Algae_Sum,4.1609138476789225,5.963930181135737
2024-06-25,3,Algae_Sum,3.9041987880573013,6.25313388622841
2024-06-26,3,Algae_Sum,3.8492850464991255,6.373303114896311
2024-06-27,3,Algae_Sum,3.9262187117303595,6.706443328671528
2024-06-28,3,Algae_Sum,4.00315146782379,7.178211905060497
2024-06-29,3,Algae_Sum,4.08008483000909,7.504390699157536
2024-06-30,3,Algae_Sum,4.157017889148455,7.711278188658141
2024-07-01,3,Algae_Sum,4.233950948287821,7.746431971597782
2024-07-02,3,Algae_Sum,4.310884007427186,7.9510354038920905
2024-07-03,3,Algae_Sum,4.3878170665665515,8.035037464016284
2024-07-04,3,Algae_Sum,4.4647504287518505,7.797329899958502
2024-07-05,3,Algae_Sum,4.541683487891216,8.00388419045442
2024-07-06,3,Algae_Sum,4.618616547030581,7.835530658243865
2024-07-07,3,Algae_Sum,4.695549606169947,7.845626936588689
2024-07-08,3,Algae_Sum,4.772482968355246,7.686747529419982
2024-07-09,3,Algae_Sum,4.849416027494612,7.8822601897792435
2024-07-10,3,Algae_Sum,4.9263490866339765,7.518465516049906
2024-07-11,3,Algae_Sum,5.003282145773342,7.4659073505385045
2024-07-12,3,Algae_Sum,5.080215204912708,7.247281528298448
2024-07-13,3,Algae_Sum,5.157148567098007,7.333815385680171
2024-07-14,3,Algae_Sum,5.234081626237373,7.252756659192191
2024-07-15,3,Algae_Sum,5.311014685376738,7.2621856303898396
2024-07-16,3,Algae_Sum,5.387947744516103,7.3426788731645445
2024-07-17,3,Algae_Sum,5.4648811067014025,7.372925584814159
2024-07-18,3,Algae_Sum,5.541814165840767,7.726387452847006
2024-07-19,3,Algae_Sum,5.618747224980133,7.568306874760932
2024-07-20,3,Algae_Sum,5.695680284119499,7.880807387570543
2024-07-21,3,Algae_Sum,5.772613646304798,7.805690482715021
2024-07-22,3,Algae_Sum,5.849546705444164,7.540790000886866
2024-07-23,3,Algae_Sum,5.926479764583529,7.5665446626533805
2024-07-24,3,Algae_Sum,6.003412823722894,7.403700202481202
2024-07-25,3,Algae_Sum,6.080345882862259,7.334846650994357
2024-07-26,3,Algae_Sum,6.157279245047559,6.988465451214807
2024-07-27,3,Algae_Sum,6.234212304186924,6.932527717444866
2024-07-28,3,Algae_Sum,6.31114536332629,6.810141707768068
2024-07-29,3,Algae_Sum,6.3880784224656555,6.621748354018717
2024-07-30,3,Algae_Sum,6.4650117846509545,6.41936246034814
2024-07-31,3,Algae_Sum,6.54194484379032,6.293658703783386
2024-08-01,3,Algae_Sum,6.618877902929685,6.3541430357045865
2024-08-02,3,Algae_Sum,6.6958111135920175,6.193605664229706
2024-08-03,3,Algae_Sum,6.772744172731382,5.909860119458459
2024-08-04,3,Algae_Sum,6.849677231870748,5.885774028605817
2024-08-05,3,Algae_Sum,6.926610442533081,5.587048923305555
2024-08-06,3,Algae_Sum,7.003543501672446,5.597353091161262
2024-08-07,3,Algae_Sum,7.080476712334779,5.747420831700346
2024-08-08,3,Algae_Sum,7.157409771474144,5.545216462544374
2024-08-09,3,Algae_Sum,7.234342982136476,5.836465424647169
2024-08-10,3,Algae_Sum,7.311276041275842,5.909037046701089
2024-08-11,3,Algae_Sum,7.388209251938174,5.682562334764462
2024-08-12,3,Algae_Sum,7.465142311077539,5.6104604339085995
2024-08-13,3,Algae_Sum,7.542075521739871,5.853558730567441
2024-08-14,3,Algae_Sum,6.030008741002833,6.015371925425433
2024-08-15,3,Algae_Sum,5.066361156983425,6.10930434624546
2024-08-16,3,Algae_Sum,3.7128452816223865,6.309157988089606
2024-08-17,3,Algae_Sum,4.3647146628164215,5.872396368885145
2024-08-18,3,Algae_Sum,4.896292081739191,5.568423114095879
2024-08-19,3,Algae_Sum,4.658422236583629,5.295265388174778
2024-08-20,3,Algae_Sum,5.046383459861146,5.461352742889156
2024-08-21,3,Algae_Sum,8.584390307376538,5.470104709469734
2024-08-22,3,Algae_Sum,8.26416708562122,5.543601227714925
2024-08-23,3,Algae_Sum,8.362469731858786,5.697717055843462
2024-08-24,3,Algae_Sum,6.737632664699566,5.664257148153202
2024-08-25,3,Algae_Sum,5.910328325426844,5.502892764323805
2024-08-26,3,Algae_Sum,4.631233561456335,5.681932605313131
2024-08-27,3,Algae_Sum,3.6604134862655586,5.980834386393049
2024-08-28,3,Algae_Sum,2.90789406502741,6.3742216471229645
2024-08-29,3,Algae_Sum,5.245232504433319,6.929994556480633
2024-08-30,3,Algae_Sum,7.582571398408129,7.109070156890198
2024-08-31,3,Algae_Sum,9.544788973815802,7.558287570083402
2024-09-01,3,Algae_Sum,7.580782518258366,8.519814438655064
2024-09-02,3,Algae_Sum,6.2316442929402545,9.744034023662529
2024-09-03,3,Algae_Sum,5.825473342520759,10.662751941711438
2024-09-04,3,Algae_Sum,5.104242807900043,10.687655498971665
2024-09-05,3,Algae_Sum,5.043535434171248,10.707574405182704
2024-09-06,3,Algae_Sum,5.456685229410138,9.797193735353378
2024-09-07,3,Algae_Sum,4.896573914458026,9.59893464545367
2024-09-08,3,Algae_Sum,7.90042983909642,8.61674716574694
2024-09-09,3,Algae_Sum,7.464414243220551,8.444061213099141
2024-09-10,3,Algae_Sum,7.414410603411745,7.808007571928147
2024-09-11,3,Algae_Sum,6.464055371682523,8.489040427079889
2024-09-12,3,Algae_Sum,8.385276817346007,8.99872247420857
2024-09-13,3,Algae_Sum,11.166549291366263,9.480839387398158
2024-09-14,3,Algae_Sum,8.107886373100024,8.937023609944456
2024-09-15,3,Algae_Sum,7.268069418725892,8.51254489702326
2024-09-16,3,Algae_Sum,7.995469817044575,8.173759922392614
2024-09-17,3,Algae_Sum,9.405324204423573,7.318531718556156
2024-09-18,3,Algae_Sum,9.488955525727977,6.648915815930614
2024-09-19,3,Algae_Sum,12.67792012711534,6.228528374644497
2024-09-20,3,Algae_Sum,13.613369893046467,6.335459950813341
2024-09-21,3,Algae_Sum,10.697009617823559,6.145969570782076
2024-09-22,3,Algae_Sum,8.057095192669637,6.306977572592817
2024-09-23,3,Algae_Sum,5.866036949955317,6.28356727417351
2024-09-24,3,Algae_Sum,4.472671443380768,5.9620261435309665
2024-09-25,3,Algae_Sum,4.073182655811055,5.644261268274869
2024-09-26,3,Algae_Sum,4.559448646647677,5.246754401115025
2024-09-27,3,Algae_Sum,4.608616334246909,5.522137090285247
2024-09-28,3,Algae_Sum,5.380564030328577,6.144666170218951
2024-09-29,3,Algae_Sum,6.899644506167446,7.242720232419377
2024-09-30,3,Algae_Sum,5.509040960237474,7.931563793479977
2024-10-01,3,Algae_Sum,5.221797659293339,8.37690668864256
2024-10-02,3,Algae_Sum,5.227900095270938,8.696740761537583
2024-10-03,3,Algae_Sum,5.183739938688932,8.140860801203647
2024-10-04,3,Algae_Sum,5.353279289640131,7.473901853806472
2024-10-05,3,Algae_Sum,5.3634025390731015,7.128670561824359
2024-10-06,3,Algae_Sum,6.999476625235072,6.942282159975878
2024-10-07,3,Algae_Sum,10.255469191520733,6.789493369993337
2024-10-08,3,Algae_Sum,8.882324860536245,6.492691697237635
2024-10-09,3,Algae_Sum,6.293072612946585,6.403159806428571
2024-10-10,3,Algae_Sum,5.651690136306597,6.698499888643478
2024-10-11,3,Algae_Sum,6.443424913617912,6.302913423568851
2024-10-12,3,Algae_Sum,9.530085298729162,5.579523989712677
2024-10-13,3,Algae_Sum,12.873646283335267,5.166090240433412
2024-10-14,3,Algae_Sum,16.546678163664183,5.168098222793624
2024-10-15,3,Algae_Sum,17.276083059314836,5.669925319307049
2024-10-16,3,Algae_Sum,15.859581510891456,6.146239584709475
2024-10-17,3,Algae_Sum,11.882814266831645,6.662401966095741
2024-10-18,3,Algae_Sum,13.631092625372137,6.905935133670203
2024-10-19,3,Algae_Sum,13.761331767388583,6.652323264415102
2024-10-20,3,Algae_Sum,11.130395002274758,6.015342226923879
2024-10-21,3,Algae_Sum,7.823056908783519,5.973583406324716
2024-10-22,3,Algae_Sum,8.683804867027536,6.133431348299222
2024-10-23,3,Algae_Sum,10.156032926204695,5.7717311765443196
2024-10-24,3,Algae_Sum,7.808797158109785,5.0221173597235715
2024-10-25,3,Algae_Sum,7.17631135248397,4.740059780805988
2024-10-26,3,Algae_Sum,6.492380166017247,4.831231453165175
2024-10-27,3,Algae_Sum,9.132720181305054,4.643541772075108
2024-10-28,3,Algae_Sum,9.067790372097111,4.778252659897062
2024-10-29,3,Algae_Sum,10.544216888243874,4.690266303352572
2024-10-30,3,Algae_Sum,14.867734593554095,5.1563242821569
2024-10-31,3,Algae_Sum,12.235050617106463,5.258609558062123
2024-11-01,3,Algae_Sum,8.901139391601465,5.714552469673704
2024-11-02,3,Algae_Sum,6.864263590300099,6.713652791446872
2024-11-03,3,Algae_Sum,7.340061162384662,6.6585623741090405
2024-11-04,3,Algae_Sum,12.951401809140133,6.242158471628382
2024-11-05,3,Algae_Sum,8.185223922800104,5.774656175901512
2024-11-06,3,Algae_Sum,8.096506467939284,5.601036008399965
2024-11-07,3,Algae_Sum,4.057987023530934,6.632601944153183
2024-11-08,3,Algae_Sum,5.203767941436293,6.4541957722123335
2024-11-09,3,Algae_Sum,6.840722830606104,6.384227920825322
2024-11-10,3,Algae_Sum,9.843153605977296,5.8517046955418195
2024-11-11,3,Algae_Sum,6.084977636921039,5.838535228377964
2024-11-12,3,Algae_Sum,4.106934699781914,6.598123499077974
2024-11-13,3,Algae_Sum,6.850841534350062,7.742438129230559
2024-11-14,3,Algae_Sum,3.568808155174489,7.546961228291536
2024-11-15,3,Algae_Sum,3.6863651278893235,6.917358904729925
2024-11-16,3,Algae_Sum,3.481023021130328,7.162255324439522
2024-11-17,3,Algae_Sum,4.712573514571281,6.455048846517192
2024-11-18,3,Algae_Sum,4.602736333985034,6.148386968199433
2024-11-19,3,Algae_Sum,3.3688632965041387,5.314976404874933
2024-11-20,3,Algae_Sum,2.4608619160659417,5.41481428181531
2024-11-21,3,Algae_Sum,2.586251413996899,5.097498217587809
2024-11-22,3,Algae_Sum,3.0066446131557667,4.66357280528181
2024-11-23,3,Algae_Sum,3.340804879545604,4.193492194746506
2024-11-24,3,Algae_Sum,4.869706771066951,3.7787644393280777
2024-11-25,3,Algae_Sum,5.839432244343286,3.668027818409035
2024-11-26,3,Algae_Sum,5.42265377708792,3.521576628049057
2024-11-27,3,Algae_Sum,5.555403351623533,3.8094060198299946
2024-11-28,3,Algae_Sum,6.992422170455088,4.027761222050782
2024-11-29,3,Algae_Sum,8.429440837763675,3.824614076993419
2024-11-30,3,Algae_Sum,9.866459580833745,3.7805524103400376
2024-12-01,3,Algae_Sum,11.303478323903816,3.6311944033789203
2024-12-02,3,Algae_Sum,11.056015105131285,3.9780025948798023
2024-12-03,3,Algae_Sum,10.808551886358753,4.607095346703005
2024-12-04,3,Algae_Sum,10.561088516063256,5.379857024164016
2024-12-05,3,Algae_Sum,10.313625373052208,5.5953790499456835
2024-12-06,3,Algae_Sum,8.547180774461301,5.601166621197619
2024-12-07,3,Algae_Sum,9.184441551760376,5.339528580374422
2024-12-08,3,Algae_Sum,8.487532584153383,4.704403396184426
2024-12-09,3,Algae_Sum,6.830234259299419,3.926633884660255
2024-12-10,3,Algae_Sum,8.113118006585614,3.741112800275541
2024-12-11,3,Algae_Sum,8.69375038002008,3.5116197508339786
2024-12-12,3,Algae_Sum,8.805641037737415,3.9883970704239093
2024-12-13,3,Algae_Sum,5.164088925083755,4.5442536204594255
2024-12-14,3,Algae_Sum,4.905688627021877,4.815043648496383
2024-12-15,3,Algae_Sum,4.403519391648706,5.072632692592325
2024-12-16,3,Algae_Sum,4.512338337895938,5.855759753187757
2024-12-17,3,Algae_Sum,4.354622021022808,5.91595982802265
2024-12-18,3,Algae_Sum,6.351310768403269,5.650341278853336
2024-12-19,3,Algae_Sum,6.143825217751461,5.410507696043959
2024-12-20,3,Algae_Sum,5.623262912446102,5.486544042263937
2024-12-21,3,Algae_Sum,7.992970748747943,5.367783068052404
2024-12-22,3,Algae_Sum,7.258184211874259,5.494920534932003
2024-12-23,3,Algae_Sum,7.198567500462761,5.379710956023718
2024-12-24,3,Algae_Sum,15.995769747642782,5.521804345849461
2024-12-25,3,Algae_Sum,13.260200767386086,5.570461704095448
2024-12-26,3,Algae_Sum,13.108289901475011,5.132876406041747
2024-12-27,3,Algae_Sum,12.956379035563936,6.179344019518883
2024-12-28,3,Algae_Sum,12.80446816965286,6.068818924661933
2024-12-29,3,Algae_Sum,12.652557303741785,5.58459364514642
2024-12-30,3,Algae_Sum,12.50064643783071,5.19216097910933
2024-12-31,3,Algae_Sum,12.348735571919635,5.0397679671168945
2025-01-01,3,Algae_Sum,12.19682470600856,4.757477648921822
2025-01-02,3,Algae_Sum,12.044913840097484,4.707015652137493
2025-01-03,3,Algae_Sum,11.893002974186409,4.677556556870944
2025-01-04,3,Algae_Sum,11.741092108275334,4.7320611864179085
2025-01-05,3,Algae_Sum,11.589181393887225,4.6081196419607044
2025-01-06,3,Algae_Sum,11.43727052797615,4.6366547501737845
2025-01-07,3,Algae_Sum,11.285359662065074,4.605757095857443
2025-01-08,3,Algae_Sum,11.133448947676966,4.4913669531553175
2025-01-09,3,Algae_Sum,10.98153808176589,4.661748468757743
2025-01-10,3,Algae_Sum,10.829627215854815,4.637540250393606
2025-01-11,3,Algae_Sum,10.67771634994374,4.511247675578642
2025-01-12,3,Algae_Sum,10.525805484032665,4.320758759194088
2025-01-13,3,Algae_Sum,10.37389461812159,4.289111066190526
2025-01-14,3,Algae_Sum,10.221983827971998,4.257576106274498
2025-01-15,3,Algae_Sum,10.070072962060923,4.4932231095024795
2025-01-16,3,Algae_Sum,8.880791126122734,4.359446512295758
2025-01-17,3,Algae_Sum,7.853082321139661,4.309646367831789
2025-01-18,3,Algae_Sum,8.95793808834074,4.234110047403291
2025-01-19,3,Algae_Sum,10.952053227594932,4.080076041676997
2025-01-20,3,Algae_Sum,9.058109423532128,3.8669301990656315
2025-01-21,3,Algae_Sum,10.079415943974732,3.8474540429645048
2025-01-22,3,Algae_Sum,10.042264936805545,4.181118223160006
2025-01-23,3,Algae_Sum,10.62317838534401,4.122634600496594
2025-01-24,3,Algae_Sum,11.208322203601366,4.285603006455873
2025-01-25,3,Algae_Sum,10.684658526205093,4.350676666005062
2025-01-26,3,Algae_Sum,10.09868383175756,4.639687633883564
2025-01-27,3,Algae_Sum,7.946145757743281,4.794942308632939
2025-01-28,3,Algae_Sum,7.584718327329185,4.7718341470100585
2025-01-29,3,Algae_Sum,6.557190630172556,4.278275052720245
2025-01-30,3,Algae_Sum,5.690353039641661,3.969920965905743
2025-01-31,3,Algae_Sum,5.944580698235118,3.869079400831195
2025-02-01,3,Algae_Sum,5.574360693085257,3.5573324117370477
2025-02-02,3,Algae_Sum,6.4367382050791155,3.813734727954543
2025-02-03,3,Algae_Sum,6.024538155798104,4.030472877070277
2025-02-04,3,Algae_Sum,5.095282345716715,4.206915917449182
2025-02-05,3,Algae_Sum,4.76265155215694,4.3721723202119005
2025-02-06,3,Algae_Sum,4.864905311285002,4.407368681105302
2025-02-07,3,Algae_Sum,5.065972046003873,4.24804258422954
2025-02-08,3,Algae_Sum,3.790737784189526,3.929606159183188
2025-02-09,3,Algae_Sum,3.9458433603392598,3.923912532170865
2025-02-10,3,Algae_Sum,4.829207712416384,4.0297825384321
2025-02-11,3,Algae_Sum,5.439326758297414,3.8809175872059756
2025-02-12,3,Algae_Sum,10.912332996995339,3.2498559459480765
2025-02-13,3,Algae_Sum,7.710190859846121,3.552164872466548
2025-02-14,3,Algae_Sum,7.988336721844657,3.876931927078976
2025-02-15,3,Algae_Sum,9.67375505774329,4.521929135622465
2025-02-16,3,Algae_Sum,11.146990858293991,4.274653350760256
2025-02-17,3,Algae_Sum,9.315727082977165,4.587275536512461
2025-02-18,3,Algae_Sum,8.710202819550938,4.432112381635224
2025-02-19,3,Algae_Sum,7.382076965936053,4.439818233650837
2025-02-20,3,Algae_Sum,10.738416450570114,3.819602909424983
2025-02-21,3,Algae_Sum,8.015824654832004,3.767486281839755
2025-02-22,3,Algae_Sum,6.399527800906818,3.4859044850389136
2025-02-23,3,Algae_Sum,8.630070769649095,4.3074650431971975
2025-02-24,3,Algae_Sum,6.871423505065196,4.115715455726243
2025-02-25,3,Algae_Sum,5.663680754786295,3.8577357854210774
2025-02-26,3,Algae_Sum,13.83852271861798,4.3680842305591305
2025-02-27,3,Algae_Sum,13.231184119183514,4.199702818122627
2025-02-28,3,Algae_Sum,12.160495862458939,3.9237767675923294
2025-03-01,3,Algae_Sum,12.796747468386469,4.640434036019574
2025-03-02,3,Algae_Sum,17.096139838395565,4.409426362998727
2025-03-03,3,Algae_Sum,17.715811801261346,3.9517733631802825
2025-03-04,3,Algae_Sum,15.733644712003278,3.942531674369988
2025-03-05,3,Algae_Sum,13.751477016653341,4.300445287176681
2025-03-06,3,Algae_Sum,8.289966825470453,4.662256373743514
2025-03-07,3,Algae_Sum,6.912579870347109,4.337652660889637
2025-03-08,3,Algae_Sum,7.210229768672721,3.9961468640999858
2025-03-09,3,Algae_Sum,8.717435465340252,3.3458524126261473
2025-03-10,3,Algae_Sum,9.924476588519925,2.8888409610504686
2025-03-11,3,Algae_Sum,13.223330077706063,2.634946652984665
2025-03-12,3,Algae_Sum,13.991316963427337,2.535728201933855
2025-03-13,3,Algae_Sum,13.675664621378761,2.6956576632646696
2025-03-14,3,Algae_Sum,14.016108848260801,3.3936670001290388
2025-03-15,3,Algae_Sum,14.404500396764927,3.9113518842888784
2025-03-16,3,Algae_Sum,10.409849806034304,3.9651619325545866
2025-03-17,3,Algae_Sum,12.491217466633062,4.011233702889719
2025-03-18,3,Algae_Sum,9.507880138228806,4.326606939632868
2025-03-19,3,Algae_Sum,9.034652776841481,3.722704578046643
2025-03-20,3,Algae_Sum,9.776876626784762,3.817751904858703
2025-03-21,3,Algae_Sum,7.979215418031736,3.3733762565567
2025-03-22,3,Algae_Sum,8.096413357075992,3.215829948452674
2025-03-23,3,Algae_Sum,8.787689183745096,3.140535155633759
2025-03-24,3,Algae_Sum,9.588404064404353,3.139182358583354
2025-03-25,3,Algae_Sum,11.115825008325857,3.1310728493833446
2025-03-26,3,Algae_Sum,9.927418709972402,3.309483263967274
2025-03-27,3,Algae_Sum,10.67743330504117,3.607105888158805
2025-03-28,3,Algae_Sum,10.999127473880499,3.9063407167204423
2025-03-29,3,Algae_Sum,9.89640264045726,3.7372265392149693
2025-03-30,3,Algae_Sum,7.089252771067127,3.574420565876438
2025-03-31,3,Algae_Sum,6.951297776519236,3.414881427708912
2025-04-01,3,Algae_Sum,6.916277182267688,3.139342366836628
2025-04-02,3,Algae_Sum,8.277671494303885,2.613772227468109
2025-04-03,3,Algae_Sum,10.078181865169062,2.837084352035106
2025-04-04,3,Algae_Sum,11.069074566621016,3.0375249938538573
2025-04-05,3,Algae_Sum,12.87717949588246,3.2737589970564436
2025-04-06,3,Algae_Sum,12.920202018027364,3.766316524533625
2025-04-07,3,Algae_Sum,12.575124521856875,4.333968228421262
2025-04-08,3,Algae_Sum,12.403567794121502,5.349215140616166
2025-04-09,3,Algae_Sum,12.153870672244791,5.9106395536013
2025-04-10,3,Algae_Sum,10.480000394119656,6.43832949927976
2025-04-11,3,Algae_Sum,8.873887323052804,6.48584316216996
2025-04-12,3,Algae_Sum,7.267774251985951,6.857085189733013
2025-04-13,3,Algae_Sum,4.953802320861854,6.810520060616954
2025-04-14,3,Algae_Sum,3.5517357594236785,6.71892488156468
2025-04-15,3,Algae_Sum,2.1419024337371084,6.401914590684818
2025-04-16,3,Algae_Sum,1.3245099693582318,6.403897117186554
2025-04-17,3,Algae_Sum,1.6691447154188115,6.524220899280913
2025-04-18,3,Algae_Sum,2.0137788553875238,6.495834889667475
2025-04-19,3,Algae_Sum,2.4217580808965726,6.265610893432548
2025-04-20,3,Algae_Sum,3.14916347947317,6.042328164321172
2025-04-21,3,Algae_Sum,3.564776432065486,6.185794049183046
2025-04-22,3,Algae_Sum,4.1872470241338835,6.209490726010201
2025-04-23,3,Algae_Sum,3.7442875094825405,6.021170709376934
2025-04-24,3,Algae_Sum,4.636613535926729,5.98054285620432
2025-04-25,3,Algae_Sum,6.26684883607388,6.401428808052247
2025-04-26,3,Algae_Sum,6.416613530678735,6.774806854882723
2025-04-27,3,Algae_Sum,7.085304082544104,7.027070927345334
2025-04-28,3,Algae_Sum,9.361518289598314,7.303312297170198
2025-04-29,3,Algae_Sum,6.692624888639518,7.59228386907725
2025-04-30,3,Algae_Sum,12.738608105904344,7.885964017187409
2025-05-01,3,Algae_Sum,10.679889492338107,8.27687493806576
2025-05-02,3,Algae_Sum,12.234284516984728,7.648356761333858
2025-05-03,3,Algae_Sum,13.793665859433178,8.816952340874794
2025-05-04,3,Algae_Sum,14.010960703930094,8.888831806014931
2025-05-05,3,Algae_Sum,12.345543892140318,8.473922223035965
2025-05-06,3,Algae_Sum,11.941576388708613,8.89833850849471
2025-05-07,3,Algae_Sum,8.71072947550389,8.54643816039947
2025-05-08,3,Algae_Sum,0.2629515774942188,7.187863615019804
2025-05-09,3,Algae_Sum,0.19484927687833142,6.609558634360228
2025-05-10,3,Algae_Sum,0.16524290128774588,4.893800741113882
2025-05-11,3,Algae_Sum,0.23106508429448347,2.98737331610618
2025-05-12,3,Algae_Sum,0.2076159959955941,2.462593520534135
2025-05-13,3,Algae_Sum,0.12712942023144258,2.39571491940067
2025-05-14,3,Algae_Sum,0.1767477371348729,2.455639222435413
2025-05-15,3,Algae_Sum,0.0969908959803476,2.3747417163844444
2025-05-16,3,Algae_Sum,0.0657983779700011,2.2333101788790604
2025-05-17,3,Algae_Sum,0.057303394341650105,2.122122625609882
2025-05-18,3,Algae_Sum,0.07510431251835215,2.523313016100299
2025-05-19,3,Algae_Sum,0.07241871944920142,3.0475630873793085
2025-05-20,3,Algae_Sum,0.7918527977717993,3.1874296956803265
2025-05-21,3,Algae_Sum,0.1819674003060605,2.665133664585235
2025-05-22,3,Algae_Sum,2.299682087210492,2.396604662263571
